[0.022858107462525368]
[0.9639154076576233]
[0.9679290056228638]
[0.03176211193203926]
[0.9707564115524292]
[0.028738079592585564]
[0.971345841884613]
[0.9729353785514832]
[0.9737323522567749]
[0.9744704365730286]
[0.9717435240745544]
[0.9739088416099548]
[0.9729956388473511]
[0.9743996858596802]
[0.9735562801361084]
[0.9646851420402527]
[0.9674140810966492]
[0.9707697629928589]
[0.04385354742407799]
[0.02425147220492363]
[0.02362649142742157]
[0.02532406710088253]
[0.965327262878418]
[0.9723818302154541]
[0.9610034823417664]
[0.972247838973999]
[0.9725437164306641]
[0.9730335474014282]
[0.962925374507904]
[0.9675052165985107]
[0.9724385738372803]
[0.9713323712348938]
[0.9603119492530823]
[0.970747172832489]
[0.9729785919189453]
[0.9715506434440613]
[0.9716917276382446]
[0.9691011309623718]
[0.969711422920227]
[0.9705578088760376]
[0.9664234519004822]
[0.9705705046653748]
[0.9715147018432617]
[0.9717075228691101]
[0.9720767140388489]
[0.9724125266075134]
[0.9704962968826294]
[0.969251275062561]
[0.023328373208642006]
[0.024472521618008614]
[0.025586752220988274]
[0.9698317050933838]
[0.9657938480377197]
[0.04699617251753807]
[0.0265138428658247]
[0.025296173989772797]
[0.023442355915904045]
[0.03397635743021965]
[0.03228133171796799]
[0.02359754778444767]
[0.02324853278696537]
[0.9579939842224121]
[0.028493346646428108]
[0.023804321885108948]
[0.029511531814932823]
[0.030668890103697777]
[0.9710003733634949]
[0.9727056622505188]
[0.03361256793141365]
[0.9728147387504578]
[0.02764488197863102]
[0.024853715673089027]
[0.02361721731722355]
[0.9725260734558105]
[0.9606255888938904]
[0.02329723909497261]
[0.030948305502533913]
[0.9733731746673584]
[0.9717469811439514]
[0.02472684718668461]
[0.9704318642616272]
[0.9725624918937683]
[0.9741045832633972]
[0.97366863489151]
[0.9735573530197144]
[0.9737548828125]
[0.9722470641136169]
[0.9738163352012634]
[0.9738878011703491]
[0.9736681580543518]
[0.974539041519165]
[0.028505723923444748]
[0.04943682998418808]
[0.023381946608424187]
[0.02278195321559906]
[0.9718815684318542]
[0.9725894331932068]
[0.9733390808105469]
[0.9735649824142456]
[0.9746160507202148]
[0.9742383360862732]
[0.027683937922120094]
[0.03254237025976181]
[0.036634646356105804]
[0.022707801312208176]
[0.024499762803316116]
[0.023490920662879944]
[0.9679175019264221]
[0.029980503022670746]
[0.9632391333580017]
[0.03365737572312355]
[0.025042187422513962]
[0.9725049734115601]
[0.9709014296531677]
[0.9699693322181702]
[0.9342238306999207]
[0.9662941098213196]
[0.03760123997926712]
[0.04862813651561737]
[0.9635986685752869]
[0.025421101599931717]
[0.023019278421998024]
[0.024190090596675873]
[0.023769671097397804]
[0.0264589861035347]
[0.02279360592365265]
[0.9649826884269714]
[0.02284323237836361]
[0.024382347241044044]
[0.026458874344825745]
[0.02320707216858864]
[0.02382085844874382]
[0.023213740438222885]
[0.023161500692367554]
[0.023367222398519516]
[0.023228630423545837]
[0.026269083842635155]
[0.025416871532797813]
[0.02359597198665142]
[0.0234293844550848]
[0.9713095426559448]
[0.023857109248638153]
[0.023740198463201523]
[0.023186057806015015]
[0.022525064647197723]
[0.02282472513616085]
[0.022654054686427116]
[0.022416405379772186]
[0.030221736058592796]
[0.023227928206324577]
[0.02339613251388073]
[0.022591212764382362]
[0.027463233098387718]
[0.02398579567670822]
[0.02306271903216839]
[0.9730465412139893]
[0.9730939269065857]
[0.9727258682250977]
[0.973502516746521]
[0.9727879166603088]
[0.971886932849884]
[0.9733467698097229]
[0.9730351567268372]
[0.9719159007072449]
[0.965063750743866]
[0.9722970128059387]
[0.964047908782959]
[0.034267500042915344]
[0.9622102975845337]
[0.9613103866577148]
[0.9669208526611328]
[0.9725881814956665]
[0.027818014845252037]
[0.9710577726364136]
[0.9696375727653503]
[0.9731717109680176]
[0.9690183997154236]
[0.9691128730773926]
[0.9704592227935791]
[0.023679032921791077]
[0.02389718033373356]
[0.023221196606755257]
[0.9696192741394043]
[0.025336019694805145]
[0.02434401959180832]
[0.9670823812484741]
[0.02473796159029007]
[0.025901872664690018]
[0.022979341447353363]
[0.022474532946944237]
[0.02519346959888935]
[0.9743214845657349]
[0.9745638370513916]
[0.974065899848938]
[0.9743036031723022]
[0.9717358946800232]
[0.9743354320526123]
[0.9731748104095459]
[0.974719762802124]
[0.02445944957435131]
[0.9724630117416382]
[0.9710553288459778]
[0.028603805229067802]
[0.04929202422499657]
[0.959122359752655]
[0.972620964050293]
[0.9729586243629456]
[0.9730831384658813]
[0.9728556275367737]
[0.9727497696876526]
[0.969860851764679]
[0.02605838142335415]
[0.03328695148229599]
[0.028218509629368782]
[0.025752196088433266]
[0.025204796344041824]
[0.9579194784164429]
[0.9713376760482788]
[0.9668850898742676]
[0.02441580221056938]
[0.03181416168808937]
[0.02757452242076397]
[0.9717528820037842]
[0.971920371055603]
[0.9719510078430176]
[0.9733986854553223]
[0.9731062650680542]
[0.9736387729644775]
[0.97369384765625]
[0.97234046459198]
[0.9727829694747925]
[0.9734094738960266]
[0.9736754298210144]
[0.9738833904266357]
[0.9724341630935669]
[0.973709225654602]
[0.9732831716537476]
[0.9731470942497253]
[0.9725985527038574]
[0.9682774543762207]
[0.9721296429634094]
[0.9731906056404114]
[0.9724509716033936]
[0.038176026195287704]
[0.028405586257576942]
[0.9672663807868958]
[0.9704461097717285]
[0.02505061775445938]
[0.03153000771999359]
[0.9619856476783752]
[0.029374318197369576]
[0.9435074925422668]
[0.032416023313999176]
[0.9636579751968384]
[0.972050130367279]
[0.9721261858940125]
[0.03208353370428085]
[0.9723642468452454]
[0.9651833176612854]
[0.9708230495452881]
[0.9633418917655945]
[0.9713113307952881]
[0.9726523160934448]
[0.9622355699539185]
[0.9680143594741821]
[0.9736256003379822]
[0.9724867939949036]
[0.9646458029747009]
[0.968077540397644]
[0.971732497215271]
[0.9683300256729126]
[0.9668808579444885]
[0.9622288346290588]
[0.9729937314987183]
[0.9723438620567322]
[0.9630963802337646]
[0.9627173542976379]
[0.9724282026290894]
[0.9726781845092773]
[0.96402907371521]
[0.9709861874580383]
[0.9626177549362183]
[0.9593473672866821]
[0.971028208732605]
[0.971977174282074]
[0.971530020236969]
[0.9674962759017944]
[0.9705075025558472]
[0.9722937345504761]
[0.9731044769287109]
[0.9692193269729614]
[0.9678534865379333]
[0.9708353877067566]
[0.9708033800125122]
[0.9651669859886169]
[0.9650586247444153]
[0.9681193232536316]
[0.9613694548606873]
[0.9656964540481567]
[0.9713262915611267]
[0.9626718759536743]
[0.9704734086990356]
[0.03049510158598423]
[0.9617541432380676]
[0.950070858001709]
[0.0300358384847641]
[0.02822730876505375]
[0.9700660109519958]
[0.96016925573349]
[0.9617628455162048]
[0.9717091917991638]
[0.031608935445547104]
[0.9636087417602539]
[0.9646725058555603]
[0.9396027326583862]
[0.9642025828361511]
[0.024780308827757835]
[0.024556364864110947]
[0.030105898156762123]
[0.02453717403113842]
[0.9596145749092102]
[0.04985669627785683]
[0.042575474828481674]
[0.028278779238462448]
[0.9631664752960205]
[0.9720577001571655]
[0.9348388314247131]
[0.9597011804580688]
[0.024603724479675293]
[0.03072342835366726]
[0.02827172540128231]
[0.030412420630455017]
[0.05080551654100418]
[0.08338949829339981]
[0.9697312712669373]
[0.037056077271699905]
[0.9647254347801208]
[0.9716970324516296]
[0.9724522829055786]
[0.9697438478469849]
[0.03514733538031578]
[0.9677556753158569]
[0.9664362668991089]
[0.9653592705726624]
[0.9724754095077515]
[0.9731597900390625]
[0.9719047546386719]
[0.9724394679069519]
[0.9740402698516846]
[0.9729415774345398]
[0.9713267683982849]
[0.972828209400177]
[0.9726559519767761]
[0.9724751114845276]
[0.9730873107910156]
[0.9716436862945557]
[0.9712482690811157]
[0.9735040068626404]
[0.9742813110351562]
[0.9738962054252625]
[0.9683523774147034]
[0.9630477428436279]
[0.03544741868972778]
[0.9629475474357605]
[0.97066330909729]
[0.2092798501253128]
[0.9685646891593933]
[0.05697740241885185]
[0.9627042412757874]
[0.036045435816049576]
[0.9675292372703552]
[0.05749744176864624]
[0.034391287714242935]
[0.025264468044042587]
[0.02572932466864586]
[0.035517819225788116]
[0.04527774825692177]
[0.9654222726821899]
[0.9676961898803711]
[0.03053523600101471]
[0.033218804746866226]
[0.025577250868082047]
[0.0273908544331789]
[0.02494262531399727]
[0.028447868302464485]
[0.02679969184100628]
[0.9641397595405579]
[0.9642068147659302]
[0.9705519080162048]
[0.9720726609230042]
[0.9716837406158447]
[0.9640873670578003]
[0.9614046216011047]
[0.9714847803115845]
[0.9724250435829163]
[0.9638165235519409]
[0.027514943853020668]
[0.9596005082130432]
[0.027535242959856987]
[0.027935048565268517]
[0.025021884590387344]
[0.02493412047624588]
[0.9724900722503662]
[0.970740795135498]
[0.9734526872634888]
[0.9735035300254822]
[0.9735707640647888]
[0.9732732176780701]
[0.971908450126648]
[0.9644103646278381]
[0.971777617931366]
[0.9668588042259216]
[0.9609131217002869]
[0.9710105657577515]
[0.03179524093866348]
[0.9617598652839661]
[0.9667174816131592]
[0.029177669435739517]
[0.9628045558929443]
[0.9636532068252563]
[0.02785128355026245]
[0.96494060754776]
[0.027903562411665916]
[0.02572254091501236]
[0.036097265779972076]
[0.9435680508613586]
[0.03188927099108696]
[0.03150679171085358]
[0.9714664816856384]
[0.03383602201938629]
[0.028488999232649803]
[0.02721642144024372]
[0.030190149322152138]
[0.02679690532386303]
[0.029718536883592606]
[0.030186034739017487]
[0.9709493517875671]
[0.963731586933136]
[0.9689287543296814]
[0.040839821100234985]
[0.0389174148440361]
[0.027324732393026352]
[0.043636951595544815]
[0.030778486281633377]
[0.027623983100056648]
[0.027685780078172684]
[0.9696440696716309]
[0.9700964093208313]
[0.0287020243704319]
[0.031819816678762436]
[0.9728010892868042]
[0.9720635414123535]
[0.9720659255981445]
[0.024629658088088036]
[0.025487102568149567]
[0.04233685880899429]
[0.9633985757827759]
[0.9705835580825806]
[0.9494534134864807]
[0.9632579684257507]
[0.9687706232070923]
[0.023405279964208603]
[0.023499198257923126]
[0.0311224777251482]
[0.03548441454768181]
[0.9668630361557007]
[0.964449942111969]
[0.030266769230365753]
[0.9712209105491638]
[0.9719986915588379]
[0.9709382057189941]
[0.9636919498443604]
[0.9740227460861206]
[0.9722804427146912]
[0.9717294573783875]
[0.9717404842376709]
[0.9667896032333374]
[0.028101325035095215]
[0.9643575549125671]
[0.9637500047683716]
[0.9669466018676758]
[0.03738979622721672]
[0.02641662396490574]
[0.025493569672107697]
[0.023912034928798676]
[0.9610528945922852]
[0.9704210758209229]
[0.024260420352220535]
[0.025100743398070335]
[0.02558489702641964]
[0.02539989724755287]
[0.026156742125749588]
[0.02943861111998558]
[0.024946624413132668]
[0.03207786753773689]
[0.025872820988297462]
[0.024434896185994148]
[0.0316610187292099]
[0.9609975218772888]
[0.9704631567001343]
[0.970118522644043]
[0.026634253561496735]
[0.028810489922761917]
[0.029878823086619377]
[0.974474310874939]
[0.9744359254837036]
[0.9726402759552002]
[0.036041706800460815]
[0.9717478156089783]
[0.9684064984321594]
[0.9705815315246582]
[0.02385667711496353]
