[0.014777596108615398]
[0.9683400392532349]
[0.9734578132629395]
[0.963841438293457]
[0.9771510362625122]
[0.9672648310661316]
[0.9770088791847229]
[0.9771098494529724]
[0.9753251671791077]
[0.9725924730300903]
[0.9764466285705566]
[0.9791595935821533]
[0.9781409502029419]
[0.9760560989379883]
[0.9774745106697083]
[0.9479935169219971]
[0.8021366596221924]
[0.9352520108222961]
[0.027715370059013367]
[0.012536317110061646]
[0.012685621157288551]
[0.012022634968161583]
[0.9717697501182556]
[0.9746940732002258]
[0.02930733561515808]
[0.9751244187355042]
[0.9747667908668518]
[0.9766014218330383]
[0.9733285903930664]
[0.9667834639549255]
[0.9742234945297241]
[0.975499153137207]
[0.5725315809249878]
[0.9686843752861023]
[0.9773044586181641]
[0.9746692776679993]
[0.9712934494018555]
[0.9403802156448364]
[0.9666404128074646]
[0.9730156064033508]
[0.9721798300743103]
[0.9724351763725281]
[0.9702154397964478]
[0.9767995476722717]
[0.9743500351905823]
[0.9754320383071899]
[0.9736430644989014]
[0.9366584420204163]
[0.012204797938466072]
[0.012599420733749866]
[0.015884581953287125]
[0.971247673034668]
[0.9614229798316956]
[0.3191296458244324]
[0.01283590029925108]
[0.020023496821522713]
[0.01235216949135065]
[0.9591754674911499]
[0.014653366059064865]
[0.012352430261671543]
[0.012540332041680813]
[0.5784350037574768]
[0.01917833462357521]
[0.012426522560417652]
[0.018303731456398964]
[0.017116576433181763]
[0.9715901017189026]
[0.9738214612007141]
[0.03979375585913658]
[0.9728100299835205]
[0.20485785603523254]
[0.013210552744567394]
[0.01226061675697565]
[0.9755276441574097]
[0.9704560041427612]
[0.01419107150286436]
[0.39434680342674255]
[0.9768385887145996]
[0.9788172841072083]
[0.028312861919403076]
[0.9758166670799255]
[0.9797660708427429]
[0.9787311553955078]
[0.9791600108146667]
[0.9794080257415771]
[0.9791371822357178]
[0.9773697257041931]
[0.9783331751823425]
[0.9789647459983826]
[0.9758804440498352]
[0.9779274463653564]
[0.6805016398429871]
[0.9724846482276917]
[0.012261470779776573]
[0.011220172978937626]
[0.9776355624198914]
[0.979082465171814]
[0.9772359728813171]
[0.9779807329177856]
[0.9791034460067749]
[0.9782521724700928]
[0.9706707000732422]
[0.9697182774543762]
[0.9776880145072937]
[0.012064664624631405]
[0.01368456520140171]
[0.013574205338954926]
[0.9247483015060425]
[0.07852005958557129]
[0.024089323356747627]
[0.018879059702157974]
[0.012919590808451176]
[0.9785052537918091]
[0.9768463969230652]
[0.9765276908874512]
[0.9332245588302612]
[0.9783129692077637]
[0.9538089036941528]
[0.9694311618804932]
[0.9667472243309021]
[0.010733475908637047]
[0.01090779434889555]
[0.011042078956961632]
[0.012631037272512913]
[0.011759375222027302]
[0.011309952475130558]
[0.9674404263496399]
[0.011336044408380985]
[0.01172769907861948]
[0.02033720724284649]
[0.011365379206836224]
[0.011999162845313549]
[0.010727913118898869]
[0.01068528089672327]
[0.011301662772893906]
[0.01141231320798397]
[0.010433840565383434]
[0.010588692501187325]
[0.0102778235450387]
[0.01058866735547781]
[0.9742600321769714]
[0.011210163123905659]
[0.011286898516118526]
[0.012546037323772907]
[0.011422570794820786]
[0.011787132360041142]
[0.01149303000420332]
[0.010867499746382236]
[0.014674688689410686]
[0.011245912872254848]
[0.0114613501355052]
[0.011271216906607151]
[0.01333277951925993]
[0.010907326824963093]
[0.011510590091347694]
[0.9779947400093079]
[0.9771655797958374]
[0.9778002500534058]
[0.9753699898719788]
[0.9760162830352783]
[0.9770281314849854]
[0.9788733720779419]
[0.9783420562744141]
[0.9769713282585144]
[0.9752327799797058]
[0.9749828577041626]
[0.9599177837371826]
[0.853808581829071]
[0.9725119471549988]
[0.9689785242080688]
[0.9717466831207275]
[0.9749943017959595]
[0.9131338000297546]
[0.9759584665298462]
[0.9751250743865967]
[0.9732796549797058]
[0.9733673334121704]
[0.9768022894859314]
[0.9756354093551636]
[0.012376083061099052]
[0.014135618694126606]
[0.011670333333313465]
[0.9732213020324707]
[0.12223806977272034]
[0.017523515969514847]
[0.9736452102661133]
[0.9428690671920776]
[0.017448771744966507]
[0.012467253021895885]
[0.01214126031845808]
[0.9152539372444153]
[0.9763952493667603]
[0.9767325520515442]
[0.9774140119552612]
[0.9757294058799744]
[0.9733114242553711]
[0.9751085042953491]
[0.9739355444908142]
[0.9732655882835388]
[0.013060959056019783]
[0.9724053144454956]
[0.9701324105262756]
[0.8924197554588318]
[0.9651373624801636]
[0.9499750137329102]
[0.9732393622398376]
[0.9772642850875854]
[0.9760661125183105]
[0.9767903089523315]
[0.9731512069702148]
[0.9643043279647827]
[0.02784140780568123]
[0.9468605518341064]
[0.944122850894928]
[0.012209322303533554]
[0.012107347138226032]
[0.9540192484855652]
[0.9718979001045227]
[0.07891315966844559]
[0.013364160433411598]
[0.7568997740745544]
[0.955578088760376]
[0.9734985828399658]
[0.9726091623306274]
[0.9754891991615295]
[0.9778256416320801]
[0.9784209132194519]
[0.9768944382667542]
[0.977249264717102]
[0.9761466383934021]
[0.9750261306762695]
[0.9746398329734802]
[0.9754390716552734]
[0.9778692126274109]
[0.9755896925926208]
[0.9747597575187683]
[0.9722409844398499]
[0.9732926487922668]
[0.974698007106781]
[0.9391303658485413]
[0.9575188159942627]
[0.9710911512374878]
[0.9732488393783569]
[0.015342986211180687]
[0.5725716948509216]
[0.9658508896827698]
[0.9737383723258972]
[0.01313270628452301]
[0.03629888966679573]
[0.036889951676130295]
[0.8774377107620239]
[0.02408197894692421]
[0.4524776041507721]
[0.9693354964256287]
[0.9732652306556702]
[0.9749676585197449]
[0.048676181584596634]
[0.9741220474243164]
[0.9681927561759949]
[0.9762392640113831]
[0.9721614122390747]
[0.9764368534088135]
[0.9746633768081665]
[0.9728901386260986]
[0.9554275274276733]
[0.9771714210510254]
[0.9778701066970825]
[0.9745503664016724]
[0.9692550897598267]
[0.9765983819961548]
[0.9745896458625793]
[0.9603704214096069]
[0.953549861907959]
[0.9743639230728149]
[0.9756361246109009]
[0.9708043932914734]
[0.9666486382484436]
[0.9738697409629822]
[0.9739668369293213]
[0.9748630523681641]
[0.9752198457717896]
[0.9419085383415222]
[0.611818790435791]
[0.9708422422409058]
[0.9768967032432556]
[0.9690461158752441]
[0.969516396522522]
[0.9511248469352722]
[0.9751919507980347]
[0.9765193462371826]
[0.9759745001792908]
[0.973699688911438]
[0.9695076942443848]
[0.9695234894752502]
[0.971631646156311]
[0.9714785218238831]
[0.40107104182243347]
[0.9640132188796997]
[0.9730941653251648]
[0.9681901931762695]
[0.9384176135063171]
[0.9718457460403442]
[0.022850994020700455]
[0.2406478375196457]
[0.6072490811347961]
[0.01603718101978302]
[0.01458019483834505]
[0.9472224712371826]
[0.8375452756881714]
[0.8005018830299377]
[0.9730913639068604]
[0.094658762216568]
[0.28683745861053467]
[0.9611371755599976]
[0.8340592980384827]
[0.9702078104019165]
[0.017508819699287415]
[0.018160918727517128]
[0.025657162070274353]
[0.012920576147735119]
[0.959880530834198]
[0.7341798543930054]
[0.05360040441155434]
[0.08888116478919983]
[0.9661061763763428]
[0.9751150012016296]
[0.8283305764198303]
[0.2008785903453827]
[0.01358630321919918]
[0.8400382995605469]
[0.8339887261390686]
[0.9434460401535034]
[0.01885836012661457]
[0.04547620564699173]
[0.949053943157196]
[0.018302947282791138]
[0.9656480550765991]
[0.970039963722229]
[0.9762460589408875]
[0.9579043388366699]
[0.9417911171913147]
[0.962716281414032]
[0.96872878074646]
[0.9583261013031006]
[0.9759473204612732]
[0.9761453866958618]
[0.9743123054504395]
[0.9756161570549011]
[0.97709721326828]
[0.9740825295448303]
[0.9762107133865356]
[0.9770936369895935]
[0.976137101650238]
[0.9746227264404297]
[0.9774640202522278]
[0.9738724231719971]
[0.9733099341392517]
[0.9751127362251282]
[0.9752748608589172]
[0.9758480191230774]
[0.019278772175312042]
[0.07292573899030685]
[0.8782386779785156]
[0.9712852239608765]
[0.9131146669387817]
[0.7005937099456787]
[0.9703038930892944]
[0.8963256478309631]
[0.930984377861023]
[0.8920316696166992]
[0.922491192817688]
[0.024636635556817055]
[0.01787651889026165]
[0.012184119783341885]
[0.011710954830050468]
[0.01751219853758812]
[0.02037930302321911]
[0.0855761468410492]
[0.9248843789100647]
[0.020800454542040825]
[0.012767767533659935]
[0.011979371309280396]
[0.014583791606128216]
[0.01218496821820736]
[0.0142207071185112]
[0.012192955240607262]
[0.3825095593929291]
[0.02994423918426037]
[0.964327871799469]
[0.9752966165542603]
[0.9725733995437622]
[0.017547059804201126]
[0.012332865037024021]
[0.972501814365387]
[0.972617506980896]
[0.9101603031158447]
[0.012913183309137821]
[0.044910531491041183]
[0.012111625634133816]
[0.011733686551451683]
[0.013056688010692596]
[0.012791639193892479]
[0.9769028425216675]
[0.9711324572563171]
[0.9707285165786743]
[0.9622437357902527]
[0.973450243473053]
[0.9705162644386292]
[0.9697905778884888]
[0.9583138823509216]
[0.9648196697235107]
[0.9657469987869263]
[0.9509904980659485]
[0.947245180606842]
[0.012713780626654625]
[0.35880035161972046]
[0.938255250453949]
[0.012341080233454704]
[0.970308244228363]
[0.17943818867206573]
[0.014528491534292698]
[0.9350417256355286]
[0.013213698752224445]
[0.011465661227703094]
[0.018188348039984703]
[0.7339174151420593]
[0.015002320520579815]
[0.014864844270050526]
[0.9107345342636108]
[0.0208148080855608]
[0.011514904908835888]
[0.01245058048516512]
[0.015055825933814049]
[0.012663960456848145]
[0.01631978526711464]
[0.0335058756172657]
[0.9500938057899475]
[0.016176071017980576]
[0.032720912247896194]
[0.6092228889465332]
[0.020540840923786163]
[0.0146604860201478]
[0.12889720499515533]
[0.05438832938671112]
[0.013164663687348366]
[0.012898010201752186]
[0.6835461854934692]
[0.962429404258728]
[0.01294619869440794]
[0.01820860244333744]
[0.9763271808624268]
[0.976292073726654]
[0.9750273823738098]
[0.01197951752692461]
[0.012109680101275444]
[0.02330196648836136]
[0.20424184203147888]
[0.973297655582428]
[0.04289398342370987]
[0.015170621685683727]
[0.9288502335548401]
[0.012881295755505562]
[0.01301836408674717]
[0.021658094599843025]
[0.012609872035682201]
[0.9726526737213135]
[0.875639796257019]
[0.015844082459807396]
[0.9684406518936157]
[0.9696882367134094]
[0.9703146815299988]
[0.9645910859107971]
[0.9735013842582703]
[0.9699194431304932]
[0.9475564956665039]
[0.9731963276863098]
[0.9686265587806702]
[0.012032261118292809]
[0.9750927686691284]
[0.8293725848197937]
[0.9722439050674438]
[0.01998470351099968]
[0.012216530740261078]
[0.011835580691695213]
[0.012014888226985931]
[0.9649519324302673]
[0.9707293510437012]
[0.011906442232429981]
[0.014058132655918598]
[0.013205654919147491]
[0.013672838918864727]
[0.013017812743782997]
[0.01632247120141983]
[0.016227593645453453]
[0.013826500624418259]
[0.014135359786450863]
[0.012237954884767532]
[0.030529364943504333]
[0.08393402397632599]
[0.9712792038917542]
[0.969314455986023]
[0.014012142084538937]
[0.014344126917421818]
[0.013981462456285954]
[0.9730705618858337]
[0.9738474488258362]
[0.9666910767555237]
[0.03604729101061821]
[0.9641528725624084]
[0.9679549336433411]
[0.9721840620040894]
[0.013571722432971]
