[0.01761620305478573]
[0.9250664710998535]
[0.9416415095329285]
[0.03851216286420822]
[0.9442847967147827]
[0.9443273544311523]
[0.9441782236099243]
[0.9463984370231628]
[0.9464315176010132]
[0.9464321732521057]
[0.9468320608139038]
[0.9473556876182556]
[0.9460856914520264]
[0.9469583630561829]
[0.944128692150116]
[0.9414351582527161]
[0.9440087676048279]
[0.9313420653343201]
[0.9334232807159424]
[0.017319245263934135]
[0.01726670376956463]
[0.019610367715358734]
[0.9415240287780762]
[0.9453955292701721]
[0.9423546195030212]
[0.940692126750946]
[0.9402873516082764]
[0.9463139772415161]
[0.94022136926651]
[0.933578372001648]
[0.942774772644043]
[0.9406947493553162]
[0.9261704087257385]
[0.9316376447677612]
[0.9425713419914246]
[0.9405605792999268]
[0.9431583881378174]
[0.9328022003173828]
[0.9435277581214905]
[0.9384475350379944]
[0.9262779951095581]
[0.9434928297996521]
[0.9442415833473206]
[0.9435058832168579]
[0.9437327980995178]
[0.9432138204574585]
[0.9455350041389465]
[0.9436501264572144]
[0.018406104296445847]
[0.021298231557011604]
[0.025131525471806526]
[0.9307286739349365]
[0.9262828230857849]
[0.9119516015052795]
[0.020591970533132553]
[0.023274758830666542]
[0.018368713557720184]
[0.9439049363136292]
[0.027813926339149475]
[0.017096243798732758]
[0.017517991364002228]
[0.9388642907142639]
[0.827290415763855]
[0.016873318701982498]
[0.02100435644388199]
[0.13655224442481995]
[0.943691074848175]
[0.9412801861763]
[0.944800078868866]
[0.9384800791740417]
[0.929722785949707]
[0.019723372533917427]
[0.020325016230344772]
[0.9380634427070618]
[0.9370445013046265]
[0.018233582377433777]
[0.5584178566932678]
[0.9407671689987183]
[0.9455146789550781]
[0.023260097950696945]
[0.9436949491500854]
[0.944247841835022]
[0.9463278651237488]
[0.9442720413208008]
[0.9435756206512451]
[0.9447569847106934]
[0.9450196623802185]
[0.9447734951972961]
[0.9461967945098877]
[0.9434110522270203]
[0.9448930025100708]
[0.4383620321750641]
[0.9380086064338684]
[0.017160631716251373]
[0.01712203212082386]
[0.9467293620109558]
[0.9471586346626282]
[0.941505491733551]
[0.9427305459976196]
[0.9447829723358154]
[0.943543553352356]
[0.9433353543281555]
[0.030210521072149277]
[0.9389010071754456]
[0.017784487456083298]
[0.018596109002828598]
[0.018245235085487366]
[0.9417308568954468]
[0.20949773490428925]
[0.028332525864243507]
[0.031793106347322464]
[0.016867563128471375]
[0.9426814317703247]
[0.9424604773521423]
[0.943498432636261]
[0.034669119864702225]
[0.9429473876953125]
[0.024672560393810272]
[0.928180456161499]
[0.020182160660624504]
[0.01702013798058033]
[0.017396340146660805]
[0.016567014157772064]
[0.016607875004410744]
[0.01896858401596546]
[0.02083359844982624]
[0.9319534301757812]
[0.017103319987654686]
[0.01722710020840168]
[0.02444082498550415]
[0.01658722758293152]
[0.01708129048347473]
[0.016591988503932953]
[0.017031485214829445]
[0.016479486599564552]
[0.016950823366642]
[0.017242858186364174]
[0.01756098121404648]
[0.017786720767617226]
[0.016704358160495758]
[0.9452986717224121]
[0.01677434891462326]
[0.01719914935529232]
[0.016417935490608215]
[0.0169612355530262]
[0.01670689694583416]
[0.016844771802425385]
[0.017973337322473526]
[0.02154897339642048]
[0.016965432092547417]
[0.01678371988236904]
[0.018758267164230347]
[0.020530659705400467]
[0.01670525223016739]
[0.017044605687260628]
[0.9479290246963501]
[0.9468768239021301]
[0.9470874071121216]
[0.9471948742866516]
[0.9464607238769531]
[0.9476189017295837]
[0.9474132061004639]
[0.9480706453323364]
[0.9478049874305725]
[0.9413326978683472]
[0.9418032765388489]
[0.9393895864486694]
[0.9197145700454712]
[0.9418372511863708]
[0.9424852728843689]
[0.940392017364502]
[0.9458959102630615]
[0.9440872669219971]
[0.9441494345664978]
[0.9458548426628113]
[0.9450066089630127]
[0.9431350231170654]
[0.9459043741226196]
[0.9453023076057434]
[0.01871158368885517]
[0.020311467349529266]
[0.01837056130170822]
[0.9463306665420532]
[0.936763346195221]
[0.018586523830890656]
[0.9473209977149963]
[0.842227578163147]
[0.1256038099527359]
[0.01711149886250496]
[0.016883423551917076]
[0.943156361579895]
[0.9461048245429993]
[0.9449474811553955]
[0.9458253979682922]
[0.9457465410232544]
[0.9441909790039062]
[0.9447320103645325]
[0.9443009495735168]
[0.9468054175376892]
[0.01717093028128147]
[0.9435511827468872]
[0.942805826663971]
[0.02071140706539154]
[0.9328501224517822]
[0.9415296316146851]
[0.9438275694847107]
[0.9448667168617249]
[0.9456615447998047]
[0.9447054862976074]
[0.9443515539169312]
[0.9432379007339478]
[0.020551452413201332]
[0.9328882098197937]
[0.029723994433879852]
[0.020174769684672356]
[0.019781677052378654]
[0.9106413722038269]
[0.947234570980072]
[0.9045905470848083]
[0.01866144873201847]
[0.9418442249298096]
[0.16108429431915283]
[0.9385830163955688]
[0.9461003541946411]
[0.9483467936515808]
[0.9461484551429749]
[0.9479909539222717]
[0.9471268653869629]
[0.9468306303024292]
[0.9459556341171265]
[0.9455671906471252]
[0.9379996657371521]
[0.9448641538619995]
[0.9459807276725769]
[0.9434394836425781]
[0.9450306296348572]
[0.9453052878379822]
[0.9450165033340454]
[0.9469221234321594]
[0.9397566318511963]
[0.9427496194839478]
[0.9468714594841003]
[0.9333191514015198]
[0.02952319011092186]
[0.06349221616983414]
[0.9368417263031006]
[0.9460185766220093]
[0.018286200240254402]
[0.6828200817108154]
[0.04429737851023674]
[0.022869395092129707]
[0.4066702127456665]
[0.04656900465488434]
[0.9326686263084412]
[0.936476469039917]
[0.9438175559043884]
[0.06469310820102692]
[0.9435843229293823]
[0.9397585391998291]
[0.9418535232543945]
[0.9374669194221497]
[0.9383463263511658]
[0.9434847831726074]
[0.9377503395080566]
[0.9445469975471497]
[0.944982647895813]
[0.9425110816955566]
[0.9360031485557556]
[0.9374676942825317]
[0.9427677392959595]
[0.9403399229049683]
[0.03623082861304283]
[0.903945803642273]
[0.9450602531433105]
[0.943566083908081]
[0.9274097681045532]
[0.9363456964492798]
[0.9383054971694946]
[0.9427065253257751]
[0.9356938004493713]
[0.9447032809257507]
[0.20783577859401703]
[0.92950040102005]
[0.9411590695381165]
[0.9424529671669006]
[0.9430215954780579]
[0.9348121881484985]
[0.9389910697937012]
[0.9411724805831909]
[0.9439172744750977]
[0.9381459355354309]
[0.9324612617492676]
[0.9404613971710205]
[0.9313609600067139]
[0.9300051927566528]
[0.9427748322486877]
[0.939639687538147]
[0.9413003325462341]
[0.9432141184806824]
[0.9464410543441772]
[0.9422141313552856]
[0.9464039206504822]
[0.021277904510498047]
[0.9232838153839111]
[0.03198719397187233]
[0.018314005807042122]
[0.019149858504533768]
[0.9431808590888977]
[0.047398168593645096]
[0.6067914366722107]
[0.9442849159240723]
[0.021837782114744186]
[0.03123137727379799]
[0.9404874444007874]
[0.908342182636261]
[0.9376222491264343]
[0.018491307273507118]
[0.018253521993756294]
[0.02078597992658615]
[0.017147986218333244]
[0.9400271773338318]
[0.12669971585273743]
[0.9339982271194458]
[0.02140427567064762]
[0.9230260848999023]
[0.9459203481674194]
[0.5769914388656616]
[0.9002120494842529]
[0.019004911184310913]
[0.022295113652944565]
[0.0209626704454422]
[0.022271793335676193]
[0.04535882920026779]
[0.0425102673470974]
[0.9440346360206604]
[0.02544347755610943]
[0.9051902294158936]
[0.9438164830207825]
[0.9452365636825562]
[0.9408240914344788]
[0.13196787238121033]
[0.9364743828773499]
[0.9440971612930298]
[0.9434413909912109]
[0.9460305571556091]
[0.9478211998939514]
[0.9483570456504822]
[0.9429293870925903]
[0.9470260143280029]
[0.9458726644515991]
[0.9484694600105286]
[0.9473515748977661]
[0.9464302659034729]
[0.9449998736381531]
[0.9473119974136353]
[0.94642174243927]
[0.9465179443359375]
[0.9466907978057861]
[0.9451228380203247]
[0.9444031119346619]
[0.028119700029492378]
[0.043799422681331635]
[0.02206234633922577]
[0.9413588643074036]
[0.9415656328201294]
[0.4132652282714844]
[0.9441967010498047]
[0.05170320346951485]
[0.9408425092697144]
[0.06854290515184402]
[0.909482479095459]
[0.032922953367233276]
[0.029119940474629402]
[0.017346549779176712]
[0.01755133457481861]
[0.02549639530479908]
[0.02380862645804882]
[0.16863462328910828]
[0.043963152915239334]
[0.020803092047572136]
[0.020384328439831734]
[0.01682790368795395]
[0.025457054376602173]
[0.017053764313459396]
[0.01988011971116066]
[0.021321561187505722]
[0.9395706653594971]
[0.022000765427947044]
[0.6696150302886963]
[0.9476181864738464]
[0.9464157223701477]
[0.019584473222494125]
[0.04871140420436859]
[0.9469733238220215]
[0.9438689351081848]
[0.8656874895095825]
[0.018316669389605522]
[0.019037654623389244]
[0.01830645278096199]
[0.018979491665959358]
[0.017451796680688858]
[0.01752256415784359]
[0.9467311501502991]
[0.9426236748695374]
[0.944644033908844]
[0.9443672895431519]
[0.9447213411331177]
[0.9444361925125122]
[0.943807065486908]
[0.03125312924385071]
[0.9450295567512512]
[0.9450886845588684]
[0.9430345296859741]
[0.946291446685791]
[0.019641662016510963]
[0.018768243491649628]
[0.11123578995466232]
[0.017786843702197075]
[0.9385578632354736]
[0.9325692653656006]
[0.02875502035021782]
[0.07597584277391434]
[0.018435636535286903]
[0.016794417053461075]
[0.019391890615224838]
[0.05627843737602234]
[0.02733275480568409]
[0.025401761755347252]
[0.9427825808525085]
[0.038513168692588806]
[0.022892357781529427]
[0.01786346547305584]
[0.017282497137784958]
[0.017646290361881256]
[0.027268584817647934]
[0.031786855310201645]
[0.03315531089901924]
[0.023216847330331802]
[0.019084621220827103]
[0.11010075360536575]
[0.03770158067345619]
[0.01833930052816868]
[0.0514899417757988]
[0.022797612473368645]
[0.01986638829112053]
[0.03271423280239105]
[0.9422532320022583]
[0.9376952052116394]
[0.01877637766301632]
[0.024026809260249138]
[0.9464312195777893]
[0.9477270841598511]
[0.9473758935928345]
[0.01719297654926777]
[0.017477208748459816]
[0.024426117539405823]
[0.9409418106079102]
[0.9434196352958679]
[0.03810913488268852]
[0.020296895876526833]
[0.9413204193115234]
[0.017779741436243057]
[0.017218932509422302]
[0.023868734017014503]
[0.01792205311357975]
[0.9440693855285645]
[0.942677915096283]
[0.0234537273645401]
[0.9391561150550842]
[0.9456080198287964]
[0.9443865418434143]
[0.9434736371040344]
[0.9448471665382385]
[0.9458122849464417]
[0.9444398283958435]
[0.9470728635787964]
[0.9455321431159973]
[0.020618855953216553]
[0.9393103718757629]
[0.9378994107246399]
[0.9462653994560242]
[0.017318280413746834]
[0.016676779836416245]
[0.017842134460806847]
[0.02059275284409523]
[0.9398805499076843]
[0.9441421031951904]
[0.016739821061491966]
[0.017073750495910645]
[0.017894377931952477]
[0.016774075105786324]
[0.016762565821409225]
[0.02185131423175335]
[0.018015939742326736]
[0.017883913591504097]
[0.023231659084558487]
[0.017480123788118362]
[0.8230040073394775]
[0.033575743436813354]
[0.944616973400116]
[0.9427662491798401]
[0.019049473106861115]
[0.018196625635027885]
[0.018826475366950035]
[0.9450998306274414]
[0.9468755125999451]
[0.9453351497650146]
[0.9403324723243713]
[0.9471089243888855]
[0.9419251084327698]
[0.9471758604049683]
[0.02282015234231949]
