[0.01750241033732891, 0.839069664478302, 0.14342790842056274]
[0.1702873706817627, 0.270084410905838, 0.5596282482147217]
[0.009133915416896343, 0.942979097366333, 0.047887057065963745]
[0.009468254633247852, 0.9317415356636047, 0.058790188282728195]
[0.020771406590938568, 0.7970266342163086, 0.18220201134681702]
[0.013672354631125927, 0.867276132106781, 0.11905144900083542]
[0.009013595059514046, 0.9402939677238464, 0.050692446529865265]
[0.008543496020138264, 0.9384922385215759, 0.052964240312576294]
[0.00801501702517271, 0.9366967082023621, 0.05528823286294937]
[0.00844299141317606, 0.9493780136108398, 0.04217902198433876]
[0.014058643952012062, 0.8623448610305786, 0.12359646707773209]
[0.16868208348751068, 0.22003678977489471, 0.6112810969352722]
[0.06159764900803566, 0.6202144026756287, 0.318187952041626]
[0.014228835701942444, 0.8693335652351379, 0.1164376512169838]
[0.08379439264535904, 0.38545528054237366, 0.5307503342628479]
[0.8917170763015747, 0.0354430191218853, 0.07283996045589447]
[0.8275284767150879, 0.044814031571149826, 0.12765751779079437]
[0.7225386500358582, 0.05817157402634621, 0.21928974986076355]
[0.10484769195318222, 0.5604203939437866, 0.3347318768501282]
[0.012744003906846046, 0.91493159532547, 0.07232436537742615]
[0.2563062608242035, 0.30053389072418213, 0.4431598484516144]
[0.06598827987909317, 0.5701860785484314, 0.3638257086277008]
[0.03074086643755436, 0.7976377010345459, 0.1716214269399643]
[0.01277413684874773, 0.8982244729995728, 0.08900144696235657]
[0.013550606556236744, 0.8738580942153931, 0.1125912293791771]
[0.011797360144555569, 0.9093037247657776, 0.07889889180660248]
[0.012821529060602188, 0.8688492178916931, 0.11832921952009201]
[0.015126110054552555, 0.8707817196846008, 0.114092156291008]
[0.022014787420630455, 0.7868411540985107, 0.19114403426647186]
[0.013063352555036545, 0.901480495929718, 0.08545614778995514]
[0.011195610277354717, 0.9109382629394531, 0.07786614447832108]
[0.014823883771896362, 0.8283212184906006, 0.15685491263866425]
[0.018742317333817482, 0.8466726541519165, 0.13458509743213654]
[0.012103866785764694, 0.8992540836334229, 0.08864210546016693]
[0.03151487186551094, 0.7921112179756165, 0.1763739138841629]
[0.04368334636092186, 0.6607767939567566, 0.29553985595703125]
[0.015430630184710026, 0.8804980516433716, 0.10407127439975739]
[0.19046926498413086, 0.5018590688705444, 0.3076716959476471]
[0.037650901824235916, 0.7280992865562439, 0.2342497706413269]
[0.010293814353644848, 0.9195786714553833, 0.07012748718261719]
[0.02202184684574604, 0.8226420879364014, 0.15533611178398132]
[0.014445262029767036, 0.8974409699440002, 0.08811372518539429]
[0.025540335103869438, 0.7870962619781494, 0.18736346065998077]
[0.07519987970590591, 0.4920814037322998, 0.43271875381469727]
[0.8846705555915833, 0.0353211909532547, 0.08000827580690384]
[0.23268644511699677, 0.30976808071136475, 0.4575454890727997]
[0.1320767104625702, 0.6040822863578796, 0.2638409733772278]
[0.012264569289982319, 0.8902230858802795, 0.09751230478286743]
[0.00848192349076271, 0.9291455745697021, 0.06237242743372917]
[0.012487851083278656, 0.8842448592185974, 0.10326729714870453]
[0.4919753670692444, 0.13284343481063843, 0.3751811385154724]
[0.28884389996528625, 0.24900783598423004, 0.46214818954467773]
[0.7604761123657227, 0.050320398062467575, 0.18920353055000305]
[0.06732095777988434, 0.6775026321411133, 0.2551763951778412]
[0.7476043701171875, 0.0708087682723999, 0.1815868467092514]
[0.8434323668479919, 0.039807409048080444, 0.11676029115915298]
[0.903164267539978, 0.029674680903553963, 0.06716102361679077]
[0.0412369929254055, 0.6442152857780457, 0.3145477771759033]
[0.5680939555168152, 0.12775833904743195, 0.30414772033691406]
[0.9072033166885376, 0.029602663591504097, 0.06319404393434525]
[0.03563499078154564, 0.8349526524543762, 0.12941235303878784]
[0.10544701665639877, 0.6407325863838196, 0.2538204491138458]
[0.029922209680080414, 0.7987064123153687, 0.17137141525745392]
[0.013817944563925266, 0.9011901617050171, 0.08499184995889664]
[0.36756062507629395, 0.26903244853019714, 0.3634068965911865]
[0.02839808352291584, 0.755032479763031, 0.2165694385766983]
[0.19639723002910614, 0.4768163859844208, 0.32678642868995667]
[0.08615867793560028, 0.5545541644096375, 0.35928720235824585]
[0.04457883536815643, 0.6046905517578125, 0.35073065757751465]
[0.021106773987412453, 0.8529127836227417, 0.1259804368019104]
[0.0320742130279541, 0.7025798559188843, 0.2653459310531616]
[0.8598592281341553, 0.03544947877526283, 0.1046912744641304]
[0.34820273518562317, 0.25515419244766235, 0.39664310216903687]
[0.020932180806994438, 0.8204351663589478, 0.15863265097141266]
[0.01632457599043846, 0.8876729607582092, 0.0960025042295456]
[0.2885597050189972, 0.1777707040309906, 0.5336695909500122]
[0.010186878964304924, 0.927432119846344, 0.06238101050257683]
[0.00995335727930069, 0.9250956177711487, 0.06495099514722824]
[0.013979125767946243, 0.899414598941803, 0.0866062343120575]
[0.009775558486580849, 0.9248633980751038, 0.06536109745502472]
[0.011944159865379333, 0.8935147523880005, 0.09454108774662018]
[0.010847348719835281, 0.9314899444580078, 0.05766277015209198]
[0.020949730649590492, 0.828456699848175, 0.150593563914299]
[0.013393544591963291, 0.9089175462722778, 0.07768895477056503]
[0.012661825865507126, 0.8992924690246582, 0.08804570883512497]
[0.011803913861513138, 0.9282979369163513, 0.05989810824394226]
[0.013041083700954914, 0.9271130561828613, 0.05984588339924812]
[0.2009384036064148, 0.3451802134513855, 0.4538814127445221]
[0.034768231213092804, 0.7509879469871521, 0.2142438143491745]
[0.6482707262039185, 0.08107683062553406, 0.2706523835659027]
[0.9078305959701538, 0.02695433981716633, 0.06521499156951904]
[0.013031404465436935, 0.9307353496551514, 0.0562332458794117]
[0.010826736688613892, 0.9314619898796082, 0.057711269706487656]
[0.013705829158425331, 0.8979558348655701, 0.08833832293748856]
[0.015625765547156334, 0.8869914412498474, 0.0973828136920929]
[0.011234290897846222, 0.9234627485275269, 0.06530298292636871]
[0.013232192024588585, 0.9124515652656555, 0.07431621849536896]
[0.01790039800107479, 0.9003401398658752, 0.08175937831401825]
[0.036418698728084564, 0.6790212392807007, 0.28456008434295654]
[0.016050754114985466, 0.8887617588043213, 0.09518744796514511]
[0.7172247767448425, 0.06581604480743408, 0.2169591188430786]
[0.31753426790237427, 0.22187475860118866, 0.46059098839759827]
[0.8136242032051086, 0.07152588665485382, 0.11484993994235992]
[0.0215651486068964, 0.8500638008117676, 0.12837108969688416]
[0.01751886121928692, 0.8527672290802002, 0.12971387803554535]
[0.3231452405452728, 0.28301945328712463, 0.39383527636528015]
[0.09839438647031784, 0.4618834853172302, 0.4397221505641937]
[0.8304126858711243, 0.050084348767995834, 0.11950292438268661]
[0.03257739916443825, 0.5925712585449219, 0.3748513162136078]
[0.07929519563913345, 0.4373511075973511, 0.48335373401641846]
[0.03085443750023842, 0.6791152358055115, 0.290030300617218]
[0.016556473448872566, 0.860730767250061, 0.12271273136138916]
[0.01058630459010601, 0.8948582410812378, 0.09455544501543045]
[0.13414780795574188, 0.24834281206130981, 0.6175093650817871]
[0.2878311276435852, 0.17096255719661713, 0.5412062406539917]
[0.2288990616798401, 0.251241534948349, 0.5198594331741333]
[0.9046838879585266, 0.020398424938321114, 0.07491771131753922]
[0.910558819770813, 0.0237878505140543, 0.06565330922603607]
[0.8805598616600037, 0.03419666737318039, 0.08524344116449356]
[0.9064276218414307, 0.025340376421809196, 0.06823195517063141]
[0.8764551877975464, 0.029238559305667877, 0.09430626779794693]
[0.8483242988586426, 0.053418952971696854, 0.09825682640075684]
[0.06050340086221695, 0.38911738991737366, 0.55037921667099]
[0.8867591619491577, 0.0321936272084713, 0.0810471698641777]
[0.8880988955497742, 0.030778946354985237, 0.08112221956253052]
[0.6160376667976379, 0.11437691003084183, 0.26958540081977844]
[0.898749828338623, 0.0340302437543869, 0.06721995770931244]
[0.775597333908081, 0.0650687888264656, 0.15933386981487274]
[0.9137967824935913, 0.02537067048251629, 0.060832615941762924]
[0.9130681157112122, 0.024407999590039253, 0.06252387166023254]
[0.9174138903617859, 0.02852517180144787, 0.05406089872121811]
[0.8901746273040771, 0.02996411919593811, 0.07986127585172653]
[0.5656368136405945, 0.08803762495517731, 0.3463256359100342]
[0.8289895057678223, 0.03760973736643791, 0.13340072333812714]
[0.8304063677787781, 0.04014630243182182, 0.12944741547107697]
[0.9238752722740173, 0.0216869805008173, 0.0544377826154232]
[0.023004986345767975, 0.748283326625824, 0.22871163487434387]
[0.8921659588813782, 0.027974314987659454, 0.07985979318618774]
[0.8966056108474731, 0.02746589481830597, 0.07592847943305969]
[0.89825439453125, 0.02701861597597599, 0.07472701370716095]
[0.8447840809822083, 0.046374160796403885, 0.10884177684783936]
[0.8936309814453125, 0.03152207285165787, 0.07484696060419083]
[0.9025256037712097, 0.03707093745470047, 0.06040347367525101]
[0.7571644186973572, 0.04526204988360405, 0.19757357239723206]
[0.5168558955192566, 0.10930854082107544, 0.37383556365966797]
[0.8144969344139099, 0.07518710941076279, 0.11031599342823029]
[0.9268138408660889, 0.01945122890174389, 0.0537349209189415]
[0.8501205444335938, 0.040165890008211136, 0.10971353203058243]
[0.5809963941574097, 0.1235869750380516, 0.2954166829586029]
[0.9196910858154297, 0.029678717255592346, 0.05063018202781677]
[0.9083635807037354, 0.02990010380744934, 0.0617363303899765]
[0.010824467055499554, 0.9382083415985107, 0.05096722021698952]
[0.0086595444008708, 0.949569582939148, 0.0417708121240139]
[0.009940805844962597, 0.941968560218811, 0.04809056222438812]
[0.008583803661167622, 0.9562116861343384, 0.0352044515311718]
[0.017809029668569565, 0.9202371835708618, 0.06195373088121414]
[0.01269911415874958, 0.9334090948104858, 0.05389178544282913]
[0.008513816632330418, 0.9508271813392639, 0.04065900668501854]
[0.01097030658274889, 0.9439536929130554, 0.04507594183087349]
[0.010500137694180012, 0.935337483882904, 0.05416242033243179]
[0.04888800531625748, 0.5983752012252808, 0.35273680090904236]
[0.01155893038958311, 0.9255172610282898, 0.06292376667261124]
[0.015906749293208122, 0.8590295910835266, 0.12506361305713654]
[0.05764002352952957, 0.6334582567214966, 0.30890166759490967]
[0.09986169636249542, 0.3709351718425751, 0.5292031764984131]
[0.04319073259830475, 0.7513723969459534, 0.20543687045574188]
[0.0444192998111248, 0.684772789478302, 0.2708078622817993]
[0.018263427540659904, 0.9024711847305298, 0.07926537841558456]
[0.3208545446395874, 0.25914913415908813, 0.41999635100364685]
[0.014640687964856625, 0.8790191411972046, 0.10634014010429382]
[0.026394538581371307, 0.8120852708816528, 0.16152016818523407]
[0.031060565263032913, 0.7818641066551208, 0.18707533180713654]
[0.013495908118784428, 0.9229080080986023, 0.06359603255987167]
[0.013489622622728348, 0.9235559701919556, 0.06295441091060638]
[0.014184917323291302, 0.9243563413619995, 0.061458658427000046]
[0.7435365915298462, 0.07338956743478775, 0.18307384848594666]
[0.5245583057403564, 0.1368352323770523, 0.33860650658607483]
[0.71586674451828, 0.07775255292654037, 0.20638073980808258]
[0.030960282310843468, 0.8442742228507996, 0.12476550787687302]
[0.33220374584198, 0.3749528229236603, 0.29284340143203735]
[0.5435646772384644, 0.16717547178268433, 0.28925979137420654]
[0.014425760135054588, 0.9368013143539429, 0.048772893846035004]
[0.0181543231010437, 0.8407280445098877, 0.14111767709255219]
[0.4797516465187073, 0.20256640017032623, 0.3176819682121277]
[0.9109343886375427, 0.02720905840396881, 0.06185654550790787]
[0.9346820712089539, 0.022345680743455887, 0.04297219216823578]
[0.4931483864784241, 0.1935075968503952, 0.31334400177001953]
[0.01806051656603813, 0.8830648064613342, 0.09887466579675674]
[0.013579927384853363, 0.936754584312439, 0.04966546967625618]
[0.014303796924650669, 0.9048765301704407, 0.08081972599029541]
[0.010421042330563068, 0.9411637783050537, 0.048415157943964005]
[0.01564997062087059, 0.9191190004348755, 0.06523098051548004]
[0.0231795534491539, 0.8870822191238403, 0.08973826467990875]
[0.01987610012292862, 0.8519200682640076, 0.12820389866828918]
[0.016598854213953018, 0.8241085410118103, 0.15929259359836578]
[0.017694490030407906, 0.7855151891708374, 0.19679026305675507]
[0.014354294165968895, 0.8889083862304688, 0.09673727303743362]
[0.2106924206018448, 0.23492048680782318, 0.5543871521949768]
[0.20625080168247223, 0.22297973930835724, 0.5707694888114929]
[0.033332861959934235, 0.6220241785049438, 0.3446429371833801]
[0.011304542422294617, 0.889801025390625, 0.09889447689056396]
[0.011742574162781239, 0.8986222147941589, 0.08963524550199509]
[0.011335601098835468, 0.914110541343689, 0.07455384731292725]
[0.013042064383625984, 0.9040325880050659, 0.08292533457279205]
[0.009794162586331367, 0.9154441952705383, 0.07476158440113068]
[0.017796361818909645, 0.7868042588233948, 0.1953994184732437]
[0.25954949855804443, 0.141606405377388, 0.598844051361084]
[0.07427054643630981, 0.38332849740982056, 0.5424009561538696]
[0.04902172461152077, 0.36147236824035645, 0.5895059108734131]
[0.04933972284197807, 0.4096509516239166, 0.5410093069076538]
[0.015823407098650932, 0.7931661009788513, 0.1910104602575302]
[0.028942354023456573, 0.6940417885780334, 0.27701589465141296]
[0.6858587861061096, 0.08302151411771774, 0.23111969232559204]
[0.6853228211402893, 0.10585040599107742, 0.20882681012153625]
[0.09003891050815582, 0.3469662666320801, 0.5629948377609253]
[0.02186976559460163, 0.7933968305587769, 0.18473337590694427]
[0.01216502208262682, 0.9038793444633484, 0.08395561575889587]
[0.011667361482977867, 0.9346368908882141, 0.053695790469646454]
[0.008270235732197762, 0.9330339431762695, 0.05869575962424278]
[0.009160690009593964, 0.9134213924407959, 0.07741796225309372]
[0.009150954894721508, 0.8996161222457886, 0.09123294800519943]
[0.008405094966292381, 0.923554003238678, 0.06804085522890091]
[0.01388176716864109, 0.8449673652648926, 0.14115089178085327]
[0.01666354015469551, 0.8282467126846313, 0.15508976578712463]
[0.008807988837361336, 0.9163935780525208, 0.07479847967624664]
[0.011455981060862541, 0.8908774256706238, 0.09766661375761032]
[0.010195346549153328, 0.9068197011947632, 0.08298499882221222]
[0.010227967984974384, 0.8795711398124695, 0.1102009117603302]
[0.01268570777028799, 0.8896582126617432, 0.09765609353780746]
[0.018758371472358704, 0.7842049598693848, 0.19703668355941772]
[0.020771406590938568, 0.7970266342163086, 0.18220201134681702]
[0.011486396193504333, 0.8903051018714905, 0.09820850938558578]
[0.3628178834915161, 0.20124801993370056, 0.4359341263771057]
[0.045335814356803894, 0.45630601048469543, 0.49835821986198425]
[0.020043278113007545, 0.780327558517456, 0.19962912797927856]
[0.02744048275053501, 0.5675038695335388, 0.4050557017326355]
[0.23192960023880005, 0.15949073433876038, 0.608579695224762]
[0.1717100441455841, 0.31339097023010254, 0.5148990154266357]
[0.02208297699689865, 0.7133722901344299, 0.2645447254180908]
[0.015731295570731163, 0.8082545399665833, 0.17601415514945984]
[0.35432595014572144, 0.11580740660429001, 0.529866635799408]
[0.49535173177719116, 0.11084111779928207, 0.39380720257759094]
[0.02638365887105465, 0.5453516840934753, 0.4282646179199219]
[0.03639218583703041, 0.7905192971229553, 0.17308852076530457]
[0.018439559265971184, 0.822557806968689, 0.1590026170015335]
[0.02720346674323082, 0.7422060966491699, 0.23059046268463135]
[0.013508468866348267, 0.9042497277259827, 0.08224186301231384]
[0.01340437587350607, 0.9300188422203064, 0.05657685175538063]
[0.011234058067202568, 0.9123666286468506, 0.0763993114233017]
[0.01067894697189331, 0.8971579670906067, 0.0921630859375]
[0.010438547469675541, 0.9251506924629211, 0.06441070139408112]
[0.02059173956513405, 0.8818973898887634, 0.09751090407371521]
[0.017977716401219368, 0.8760908842086792, 0.10593138635158539]
[0.01640402525663376, 0.898988664150238, 0.08460728824138641]
[0.009239588864147663, 0.9322715401649475, 0.058488912880420685]
[0.0121468435972929, 0.9248661398887634, 0.0629870742559433]
[0.010323400609195232, 0.9182425737380981, 0.07143395394086838]
[0.06344495713710785, 0.7437885403633118, 0.192766472697258]
[0.011073904111981392, 0.9338280558586121, 0.055098071694374084]
[0.011519324034452438, 0.9143797159194946, 0.07410097867250443]
[0.020556654781103134, 0.8756217956542969, 0.10382156074047089]
[0.012696405872702599, 0.907138466835022, 0.0801650807261467]
[0.012109825387597084, 0.9277340173721313, 0.06015612930059433]
[0.01690598577260971, 0.8986077904701233, 0.0844862088561058]
[0.020816855132579803, 0.8442690968513489, 0.13491401076316833]
[0.014031478203833103, 0.8780649900436401, 0.10790352523326874]
[0.013744652271270752, 0.9124897718429565, 0.07376553863286972]
[0.011194126680493355, 0.9174562692642212, 0.07134965807199478]
[0.015932980924844742, 0.8079788684844971, 0.1760881096124649]
[0.018672175705432892, 0.8756276369094849, 0.10570024698972702]
[0.011761077679693699, 0.9204775094985962, 0.06776135414838791]
[0.022143421694636345, 0.8676853775978088, 0.11017119884490967]
[0.01277848333120346, 0.8992432951927185, 0.08797828108072281]
[0.015271659009158611, 0.9136673808097839, 0.07106093317270279]
[0.013657748699188232, 0.8861563801765442, 0.10018591582775116]
[0.018906131386756897, 0.8052997589111328, 0.1757940948009491]
[0.010887824930250645, 0.906405508518219, 0.08270664513111115]
[0.01032994780689478, 0.9270609021186829, 0.06260915845632553]
[0.014354171231389046, 0.887052595615387, 0.09859328716993332]
[0.023353349417448044, 0.8834359049797058, 0.09321072697639465]
[0.01644476130604744, 0.8988739252090454, 0.08468130230903625]
[0.010265618562698364, 0.9205828905105591, 0.06915155053138733]
[0.01786293089389801, 0.8591036200523376, 0.12303346395492554]
[0.01414861436933279, 0.9147995710372925, 0.07105177640914917]
[0.028773602098226547, 0.828405499458313, 0.14282095432281494]
[0.014953458681702614, 0.8725462555885315, 0.11250032484531403]
[0.01137339137494564, 0.8715638518333435, 0.1170627623796463]
[0.012726948596537113, 0.9218276739120483, 0.06544538587331772]
[0.012730316258966923, 0.9142435789108276, 0.07302609831094742]
[0.7959985733032227, 0.07456900924444199, 0.12943246960639954]
[0.017063165083527565, 0.8623535633087158, 0.12058325111865997]
[0.021835969761013985, 0.8472051620483398, 0.13095887005329132]
[0.02666749805212021, 0.8526582717895508, 0.1206742376089096]
[0.018144801259040833, 0.8612498641014099, 0.12060533463954926]
[0.029289843514561653, 0.8084745407104492, 0.16223566234111786]
[0.03096337616443634, 0.8174651861190796, 0.1515713930130005]
[0.015470163896679878, 0.919129490852356, 0.06540032476186752]
[0.03278500214219093, 0.8412286639213562, 0.12598636746406555]
[0.09890390187501907, 0.6757963299751282, 0.22529976069927216]
[0.13497987389564514, 0.6305126547813416, 0.2345074713230133]
[0.02294073812663555, 0.8999432921409607, 0.0771159678697586]
[0.017687691375613213, 0.8929250836372375, 0.08938723057508469]
[0.014260071329772472, 0.9061418175697327, 0.07959812879562378]
[0.02043810486793518, 0.8898323774337769, 0.08972956240177155]
[0.02064456231892109, 0.8673329949378967, 0.11202240735292435]
[0.035059764981269836, 0.8215702772140503, 0.1433699131011963]
[0.015212095342576504, 0.8332703113555908, 0.1515175849199295]
[0.013756905682384968, 0.8209118843078613, 0.1653311848640442]
[0.012562364339828491, 0.8883791565895081, 0.09905853867530823]
[0.5724193453788757, 0.17088815569877625, 0.256692498922348]
[0.486729234457016, 0.1851220279932022, 0.3281487226486206]
[0.0728156566619873, 0.5653261542320251, 0.36185821890830994]
[0.8845534920692444, 0.027383770793676376, 0.08806279301643372]
[0.00962957926094532, 0.9121642112731934, 0.07820619642734528]
[0.016051657497882843, 0.8892365097999573, 0.09471182525157928]
[0.06530829519033432, 0.6526705026626587, 0.28202128410339355]
[0.1847670078277588, 0.4204646646976471, 0.3947683870792389]
[0.015788456425070763, 0.9007881879806519, 0.08342341333627701]
[0.013457604683935642, 0.9232162833213806, 0.06332609802484512]
[0.011812940239906311, 0.9043460488319397, 0.0838410034775734]
[0.01938772201538086, 0.8950701355934143, 0.08554214984178543]
[0.21385924518108368, 0.26556894183158875, 0.5205718278884888]
[0.021935461089015007, 0.8385398983955383, 0.1395246684551239]
[0.0721135064959526, 0.7349203824996948, 0.19296614825725555]
[0.1167837530374527, 0.6746209263801575, 0.20859530568122864]
[0.1865711659193039, 0.3725767135620117, 0.44085216522216797]
[0.08677177876234055, 0.5106367468833923, 0.40259143710136414]
[0.20125074684619904, 0.2511413097381592, 0.5476078987121582]
[0.06836709380149841, 0.37523484230041504, 0.5563980340957642]
[0.016127245500683784, 0.750337541103363, 0.23353518545627594]
[0.012597889639437199, 0.8949682116508484, 0.09243384003639221]
[0.06553283333778381, 0.7049224376678467, 0.22954478859901428]
[0.44102945923805237, 0.2218000888824463, 0.33717042207717896]
[0.017176002264022827, 0.8414665460586548, 0.1413574069738388]
[0.032823290675878525, 0.7596853971481323, 0.20749129354953766]
[0.024711551144719124, 0.7708604335784912, 0.2044280618429184]
[0.07884812355041504, 0.6401091814041138, 0.2810426950454712]
[0.0150323286652565, 0.8893374800682068, 0.09563024342060089]
[0.01376686617732048, 0.8978584408760071, 0.08837472647428513]
[0.010789220221340656, 0.8989980220794678, 0.09021273255348206]
[0.017619846388697624, 0.8406234979629517, 0.14175668358802795]
[0.00926052127033472, 0.9226828217506409, 0.06805668771266937]
[0.020241830497980118, 0.8157691359519958, 0.16398905217647552]
[0.011891957372426987, 0.9177393913269043, 0.07036866992712021]
[0.016925767064094543, 0.8499045372009277, 0.13316966593265533]
[0.009286537766456604, 0.9299216270446777, 0.06079185754060745]
[0.02361789532005787, 0.827328085899353, 0.14905402064323425]
[0.011440481059253216, 0.9236641526222229, 0.06489540636539459]
[0.014487087726593018, 0.8610092401504517, 0.12450365722179413]
[0.017138442024588585, 0.8667129874229431, 0.11614863574504852]
[0.010167594999074936, 0.9059923887252808, 0.08383999019861221]
[0.010420427657663822, 0.9118107557296753, 0.07776875048875809]
[0.01022652629762888, 0.9227731823921204, 0.06700026243925095]
[0.7937535047531128, 0.07061495631933212, 0.1356315314769745]
[0.17875047028064728, 0.3576824963092804, 0.4635670781135559]
[0.5365035533905029, 0.14340491592884064, 0.32009151577949524]
[0.03557618334889412, 0.6734168529510498, 0.29100701212882996]
[0.3302749991416931, 0.3510632812976837, 0.31866171956062317]
[0.4602772891521454, 0.2040286660194397, 0.33569401502609253]
[0.020620115101337433, 0.8480333089828491, 0.13134653866291046]
[0.07697684317827225, 0.542987048625946, 0.3800361156463623]
[0.1625479906797409, 0.4333748519420624, 0.4040772020816803]
[0.36046820878982544, 0.21690808236598969, 0.4226236939430237]
[0.6686588525772095, 0.1133490577340126, 0.21799211204051971]
[0.02790110744535923, 0.7202465534210205, 0.2518523633480072]
[0.023698337376117706, 0.5326253771781921, 0.44367632269859314]
[0.8842746019363403, 0.024123910814523697, 0.09160148352384567]
[0.8911118507385254, 0.023503443226218224, 0.08538469672203064]
[0.17729473114013672, 0.2914736568927765, 0.5312316417694092]
[0.4659263491630554, 0.1477302461862564, 0.3863433599472046]
[0.07819224894046783, 0.30284520983695984, 0.6189624667167664]
[0.04161570221185684, 0.5932407975196838, 0.3651435077190399]
[0.49455347657203674, 0.10698411613702774, 0.3984624147415161]
[0.23286475241184235, 0.17175200581550598, 0.5953832268714905]
[0.9192933440208435, 0.026479970663785934, 0.05422675237059593]
[0.7028279900550842, 0.08580134063959122, 0.21137067675590515]
[0.8555993437767029, 0.03313151374459267, 0.11126916110515594]
[0.7743027210235596, 0.052498772740364075, 0.17319855093955994]
[0.23025962710380554, 0.3382311165332794, 0.43150925636291504]
[0.30335327982902527, 0.232565775513649, 0.46408092975616455]
[0.04166978597640991, 0.7463108897209167, 0.21201936900615692]
[0.01950988359749317, 0.8480620980262756, 0.13242802023887634]
[0.06790519505739212, 0.7059481143951416, 0.2261466532945633]
[0.017433136701583862, 0.8735880255699158, 0.10897880792617798]
[0.741573691368103, 0.07496034353971481, 0.18346601724624634]
[0.8846390843391418, 0.03418939188122749, 0.08117147535085678]
[0.3235994279384613, 0.26568856835365295, 0.41071200370788574]
[0.016054688021540642, 0.8927603363990784, 0.09118501096963882]
[0.01774047501385212, 0.8340911269187927, 0.1481684297323227]
[0.6377254724502563, 0.12429273128509521, 0.23798179626464844]
[0.100822314620018, 0.3588981032371521, 0.5402795672416687]
[0.8922867178916931, 0.02561589889228344, 0.08209746330976486]
[0.870442271232605, 0.03027462027966976, 0.09928306192159653]
[0.726033627986908, 0.06075742840766907, 0.2132088541984558]
[0.7209863066673279, 0.06028531864285469, 0.21872836351394653]
[0.012676551006734371, 0.9032021164894104, 0.08412128686904907]
[0.19724540412425995, 0.2684212625026703, 0.534333348274231]
[0.033050067722797394, 0.6980507373809814, 0.26889923214912415]
[0.09968975931406021, 0.5515012145042419, 0.34880900382995605]
[0.019114675000309944, 0.8168243765830994, 0.16406098008155823]
[0.049162376672029495, 0.751704216003418, 0.19913341104984283]
[0.024738991633057594, 0.6032721400260925, 0.37198883295059204]
[0.3824816048145294, 0.15959765017032623, 0.45792078971862793]
[0.010985195636749268, 0.8867900967597961, 0.10222472995519638]
[0.012866714037954807, 0.8990097641944885, 0.08812347799539566]
[0.015733078122138977, 0.8463608026504517, 0.13790610432624817]
[0.017127763479948044, 0.8618478178977966, 0.12102441489696503]
[0.617706835269928, 0.10891831666231155, 0.27337488532066345]
[0.15893322229385376, 0.5619356632232666, 0.27913108468055725]
[0.058654628694057465, 0.6698077321052551, 0.2715376615524292]
[0.761813759803772, 0.060740306973457336, 0.1774459183216095]
[0.046900343149900436, 0.4180992543697357, 0.5350003838539124]
[0.056015778332948685, 0.6849388480186462, 0.25904539227485657]
[0.6742224097251892, 0.08365239948034286, 0.24212513864040375]
[0.024723660200834274, 0.7804979085922241, 0.1947784423828125]
[0.23329927027225494, 0.18401053547859192, 0.5826901793479919]
[0.845088005065918, 0.04264955222606659, 0.11226239055395126]
[0.23969386518001556, 0.14870811998844147, 0.6115980744361877]
[0.5009466409683228, 0.11715184897184372, 0.38190150260925293]
[0.17660397291183472, 0.4156526029109955, 0.407743364572525]
[0.6501414179801941, 0.07934749126434326, 0.2705111801624298]
[0.011990795843303204, 0.8760029673576355, 0.11200624704360962]
[0.11101719737052917, 0.43376827239990234, 0.4552145302295685]
[0.5498778223991394, 0.16520103812217712, 0.28492122888565063]
[0.2522945702075958, 0.16566726565361023, 0.582038164138794]
[0.8694167733192444, 0.028760476037859917, 0.10182271152734756]
[0.20594000816345215, 0.3184652626514435, 0.47559475898742676]
[0.028530467301607132, 0.5608271956443787, 0.4106423556804657]
[0.037662606686353683, 0.6497267484664917, 0.31261056661605835]
[0.037619296461343765, 0.6380342841148376, 0.3243464231491089]
[0.3445688784122467, 0.25223150849342346, 0.4031996428966522]
[0.7234663963317871, 0.08462260663509369, 0.19191104173660278]
[0.03291826322674751, 0.6336129903793335, 0.3334687650203705]
[0.22382327914237976, 0.2729940116405487, 0.5031827092170715]
[0.8121308088302612, 0.04702844098210335, 0.14084072411060333]
[0.1242084726691246, 0.36372366547584534, 0.5120678544044495]
[0.13075147569179535, 0.313277006149292, 0.5559715032577515]
[0.8591644167900085, 0.04133598133921623, 0.09949970245361328]
[0.6432912349700928, 0.1279265284538269, 0.22878216207027435]
[0.06600067019462585, 0.5848654508590698, 0.3491338789463043]
[0.026428719982504845, 0.7881544232368469, 0.1854168176651001]
[0.4512954652309418, 0.17730604112148285, 0.37139853835105896]
[0.28912660479545593, 0.2720375657081604, 0.4388357996940613]
[0.011769462376832962, 0.9310367107391357, 0.05719384551048279]
[0.029899539425969124, 0.8609501123428345, 0.10915037244558334]
[0.02151842601597309, 0.8732659220695496, 0.10521561652421951]
[0.47294458746910095, 0.17360757291316986, 0.353447824716568]
[0.7670987248420715, 0.056883540004491806, 0.17601774632930756]
[0.0727963000535965, 0.4863373339176178, 0.4408663511276245]
[0.036158300936222076, 0.7266570925712585, 0.2371845841407776]
[0.05225474759936333, 0.7119197845458984, 0.23582547903060913]
[0.03451267257332802, 0.5684704780578613, 0.39701685309410095]
[0.8024551868438721, 0.050629984587430954, 0.14691483974456787]
[0.10124797374010086, 0.45096075534820557, 0.4477912485599518]
[0.7715350985527039, 0.04962923005223274, 0.1788356751203537]
[0.8595545887947083, 0.030566317960619926, 0.10987916588783264]
[0.4211788773536682, 0.32301297783851624, 0.25580817461013794]
[0.5121512413024902, 0.18378761410713196, 0.3040611445903778]
[0.01673106849193573, 0.8658650517463684, 0.11740387231111526]
[0.023381030187010765, 0.8156082034111023, 0.1610107272863388]
[0.2146890014410019, 0.38910365104675293, 0.3962073028087616]
[0.02797887474298477, 0.8652107119560242, 0.10681042820215225]
[0.017826346680521965, 0.7277363538742065, 0.25443732738494873]
[0.025976290926337242, 0.7191134691238403, 0.2549102306365967]
[0.15411746501922607, 0.5885251760482788, 0.25735732913017273]
[0.01541737001389265, 0.8571154475212097, 0.12746717035770416]
[0.023642703890800476, 0.7533796429634094, 0.22297760844230652]
[0.1568937599658966, 0.5612313151359558, 0.2818749248981476]
[0.0364876314997673, 0.7731330394744873, 0.19037936627864838]
[0.039606060832738876, 0.7535690069198608, 0.2068249136209488]
[0.6291084289550781, 0.08579810708761215, 0.2850935161113739]
[0.013456473127007484, 0.8431767821311951, 0.14336678385734558]
[0.02120218425989151, 0.7482603788375854, 0.23053741455078125]
[0.013974989764392376, 0.8534817099571228, 0.13254326581954956]
[0.2726893126964569, 0.30720871686935425, 0.42010197043418884]
[0.8901073932647705, 0.029049914330244064, 0.08084266632795334]
[0.9097665548324585, 0.026140138506889343, 0.06409329921007156]
[0.8191643357276917, 0.04619613289833069, 0.13463953137397766]
[0.029802339151501656, 0.6676150560379028, 0.3025825619697571]
[0.034105103462934494, 0.6406922340393066, 0.32520267367362976]
[0.9109976887702942, 0.030876098200678825, 0.05812620744109154]
[0.9278420805931091, 0.02075871266424656, 0.051399245858192444]
[0.8810851573944092, 0.026152348145842552, 0.09276258945465088]
[0.9150017499923706, 0.023656383156776428, 0.06134195253252983]
[0.7273736000061035, 0.07311226427555084, 0.19951410591602325]
[0.35632312297821045, 0.2730244994163513, 0.37065231800079346]
[0.700803816318512, 0.05410250648856163, 0.24509362876415253]
[0.2753300666809082, 0.3037812113761902, 0.4208886921405792]
[0.6342888474464417, 0.11319766938686371, 0.25251343846321106]
[0.8679589629173279, 0.027719629928469658, 0.10432150214910507]
[0.07326097041368484, 0.37277737259864807, 0.5539616346359253]
[0.026294754818081856, 0.659068763256073, 0.3146364986896515]
[0.0646774098277092, 0.47034257650375366, 0.46498000621795654]
[0.03331970050930977, 0.6623973250389099, 0.3042829632759094]
[0.28999200463294983, 0.17446233332157135, 0.5355456471443176]
[0.027524562552571297, 0.7213765978813171, 0.2510988116264343]
[0.033078424632549286, 0.7641726732254028, 0.20274890959262848]
[0.025770675390958786, 0.7707288861274719, 0.2035004049539566]
[0.7210036516189575, 0.06575904041528702, 0.21323731541633606]
[0.21147392690181732, 0.3693937659263611, 0.419132262468338]
[0.020715659484267235, 0.6505970358848572, 0.32868728041648865]
[0.06324445456266403, 0.6619942784309387, 0.27476128935813904]
