[0.008282667025923729]
[0.04412910342216492]
[0.08570509403944016]
[0.03201907128095627]
[0.9786983132362366]
[0.053423814475536346]
[0.988893449306488]
[0.9870681762695312]
[0.9879297018051147]
[0.9896082282066345]
[0.9884301424026489]
[0.9902128577232361]
[0.9898826479911804]
[0.9917701482772827]
[0.9908463358879089]
[0.062235355377197266]
[0.4150712490081787]
[0.9840837121009827]
[0.013453476130962372]
[0.0062812319956719875]
[0.0068468935787677765]
[0.007461176719516516]
[0.9733649492263794]
[0.9825077652931213]
[0.03170949965715408]
[0.9877268671989441]
[0.9861465096473694]
[0.9896425604820251]
[0.9044404029846191]
[0.9852373003959656]
[0.9549942016601562]
[0.9891963005065918]
[0.148732528090477]
[0.9753736257553101]
[0.989791989326477]
[0.9905267953872681]
[0.9816932678222656]
[0.9510783553123474]
[0.9850963950157166]
[0.9885480403900146]
[0.9829917550086975]
[0.980587899684906]
[0.933368980884552]
[0.9891353845596313]
[0.9882870316505432]
[0.9896161556243896]
[0.9597402811050415]
[0.8686724901199341]
[0.006745884194970131]
[0.010584521107375622]
[0.09268323332071304]
[0.985096275806427]
[0.9639764428138733]
[0.047817811369895935]
[0.0073965066112577915]
[0.013445043005049229]
[0.007063687779009342]
[0.6618551015853882]
[0.03240853175520897]
[0.006847840268164873]
[0.006820769049227238]
[0.044843073934316635]
[0.01802404411137104]
[0.006598117295652628]
[0.030143367126584053]
[0.05129131302237511]
[0.9794880747795105]
[0.9914347529411316]
[0.9659304022789001]
[0.9889288544654846]
[0.026068948209285736]
[0.022243812680244446]
[0.017939241603016853]
[0.9641033411026001]
[0.49287545680999756]
[0.008352377451956272]
[0.021263321861624718]
[0.989969789981842]
[0.9764140248298645]
[0.02587140165269375]
[0.9893314838409424]
[0.99107426404953]
[0.9917235970497131]
[0.991828441619873]
[0.9893531799316406]
[0.9909261465072632]
[0.9844887256622314]
[0.9874963760375977]
[0.9910619258880615]
[0.9916029572486877]
[0.9917358756065369]
[0.043394096195697784]
[0.9147239923477173]
[0.009018727578222752]
[0.007754674181342125]
[0.9643937349319458]
[0.9651852250099182]
[0.9901421666145325]
[0.9829303622245789]
[0.9914958477020264]
[0.9914159178733826]
[0.9843838214874268]
[0.34994107484817505]
[0.15594123303890228]
[0.008970626629889011]
[0.009329281747341156]
[0.007997019216418266]
[0.9204664826393127]
[0.014152919873595238]
[0.034252576529979706]
[0.03208555281162262]
[0.0222201868891716]
[0.9406827688217163]
[0.9644984006881714]
[0.953301727771759]
[0.048495616763830185]
[0.23141993582248688]
[0.03614510968327522]
[0.060290902853012085]
[0.046124424785375595]
[0.02034997008740902]
[0.01025569997727871]
[0.010029399767518044]
[0.012516564689576626]
[0.016776103526353836]
[0.011618277058005333]
[0.08525686711072922]
[0.012382793240249157]
[0.014227333478629589]
[0.01822233945131302]
[0.011811349540948868]
[0.01178357657045126]
[0.010212982073426247]
[0.010174156166613102]
[0.010654250159859657]
[0.011432390660047531]
[0.01597326621413231]
[0.015921087935566902]
[0.011519605293869972]
[0.01224739383906126]
[0.9763848781585693]
[0.011442983523011208]
[0.011034084483981133]
[0.010106383822858334]
[0.012406100519001484]
[0.011185173876583576]
[0.011382809840142727]
[0.011686552315950394]
[0.025293994694948196]
[0.011364724487066269]
[0.01976698823273182]
[0.011401358060538769]
[0.011800424195826054]
[0.012801036238670349]
[0.009632601402699947]
[0.9915392994880676]
[0.991198718547821]
[0.9912517666816711]
[0.9922003149986267]
[0.9911679029464722]
[0.9909900426864624]
[0.9916231036186218]
[0.9909613728523254]
[0.9889700412750244]
[0.9822783470153809]
[0.9878827333450317]
[0.7213892340660095]
[0.06944730877876282]
[0.8270605206489563]
[0.9659910202026367]
[0.9533148407936096]
[0.9911495447158813]
[0.9614095687866211]
[0.9904432892799377]
[0.989359974861145]
[0.9900307655334473]
[0.9839756488800049]
[0.9875413775444031]
[0.9889390468597412]
[0.017830023542046547]
[0.00954233855009079]
[0.010013925842940807]
[0.921351432800293]
[0.04172611981630325]
[0.011121776886284351]
[0.984710156917572]
[0.06726823002099991]
[0.013192202895879745]
[0.009694787673652172]
[0.009573256596922874]
[0.02372593618929386]
[0.9881515502929688]
[0.9900147914886475]
[0.9852838516235352]
[0.9913851022720337]
[0.9782990217208862]
[0.9904503226280212]
[0.9784595966339111]
[0.9880358576774597]
[0.006949927192181349]
[0.5080776810646057]
[0.886703610420227]
[0.033036861568689346]
[0.03250747174024582]
[0.0745173916220665]
[0.9214984774589539]
[0.974679708480835]
[0.9800667762756348]
[0.956155002117157]
[0.9885192513465881]
[0.05395733565092087]
[0.02971862442791462]
[0.09080357104539871]
[0.10444136708974838]
[0.007218866143375635]
[0.006782716605812311]
[0.8653356432914734]
[0.9033777117729187]
[0.8511792421340942]
[0.0161519106477499]
[0.05527695640921593]
[0.06860339641571045]
[0.966273307800293]
[0.985554039478302]
[0.9873728156089783]
[0.9852885603904724]
[0.9857150912284851]
[0.9827753901481628]
[0.9888338446617126]
[0.9838529825210571]
[0.9732699394226074]
[0.9854277968406677]
[0.9843719601631165]
[0.9873742461204529]
[0.9676721096038818]
[0.9907771348953247]
[0.985547661781311]
[0.9632255434989929]
[0.9789689779281616]
[0.9701086282730103]
[0.9885677099227905]
[0.9856441020965576]
[0.9785087704658508]
[0.05003194510936737]
[0.25888121128082275]
[0.13838282227516174]
[0.9741254448890686]
[0.03414853662252426]
[0.050124868750572205]
[0.7132983207702637]
[0.6239391565322876]
[0.07384676486253738]
[0.052012957632541656]
[0.7037258744239807]
[0.9585943222045898]
[0.9798380136489868]
[0.16596724092960358]
[0.9852800369262695]
[0.9704234600067139]
[0.9162513017654419]
[0.9605423808097839]
[0.9779175519943237]
[0.9897143244743347]
[0.9437604546546936]
[0.8940516710281372]
[0.9911996722221375]
[0.9728512167930603]
[0.9789096713066101]
[0.8588916063308716]
[0.9884368777275085]
[0.9784249067306519]
[0.948746919631958]
[0.8965912461280823]
[0.9900720119476318]
[0.9854372143745422]
[0.9656385183334351]
[0.689414381980896]
[0.9824948906898499]
[0.9898583292961121]
[0.9617559909820557]
[0.9662089943885803]
[0.11675232648849487]
[0.20555710792541504]
[0.9713215827941895]
[0.982822835445404]
[0.9829081296920776]
[0.9848949313163757]
[0.9833011627197266]
[0.9860925078392029]
[0.978816032409668]
[0.964568018913269]
[0.9888618588447571]
[0.9504358768463135]
[0.9845976829528809]
[0.2412051111459732]
[0.9787704348564148]
[0.6312711834907532]
[0.9576261639595032]
[0.9784954190254211]
[0.9881672263145447]
[0.341409295797348]
[0.9899938702583313]
[0.007421249523758888]
[0.7308580875396729]
[0.08609411120414734]
[0.007129332982003689]
[0.007297003176063299]
[0.9639307260513306]
[0.1701088547706604]
[0.0865219309926033]
[0.9890375733375549]
[0.034229621291160583]
[0.18484526872634888]
[0.8872947692871094]
[0.12830336391925812]
[0.7167847752571106]
[0.011452903039753437]
[0.007817430421710014]
[0.05441614240407944]
[0.00853798259049654]
[0.32438570261001587]
[0.23994487524032593]
[0.06607992202043533]
[0.04417814314365387]
[0.778724730014801]
[0.9896328449249268]
[0.355896532535553]
[0.18422193825244904]
[0.032904110848903656]
[0.028809258714318275]
[0.10134711861610413]
[0.061091531068086624]
[0.03268325328826904]
[0.04720963165163994]
[0.05926254019141197]
[0.008654444478452206]
[0.024419007822871208]
[0.01495278812944889]
[0.9863646030426025]
[0.019107123836874962]
[0.9403735399246216]
[0.9315597414970398]
[0.05870842933654785]
[0.10533680766820908]
[0.9858302474021912]
[0.9861719012260437]
[0.9848414659500122]
[0.965401828289032]
[0.9826576113700867]
[0.9859549403190613]
[0.9836410880088806]
[0.9797258973121643]
[0.9893391728401184]
[0.9534308910369873]
[0.9869979619979858]
[0.987019419670105]
[0.9806330800056458]
[0.9870293140411377]
[0.9912049174308777]
[0.9905946254730225]
[0.42498156428337097]
[0.030191780999302864]
[0.5203554034233093]
[0.16840426623821259]
[0.11302059143781662]
[0.21693012118339539]
[0.8007314801216125]
[0.917428731918335]
[0.4624480605125427]
[0.302985817193985]
[0.3989451229572296]
[0.02055487036705017]
[0.039746593683958054]
[0.02081909403204918]
[0.020487314090132713]
[0.010816912166774273]
[0.03322196751832962]
[0.045727018266916275]
[0.4743536114692688]
[0.012087252922356129]
[0.011263004504144192]
[0.008802584372460842]
[0.008277231827378273]
[0.009431338869035244]
[0.009405424818396568]
[0.0126711530610919]
[0.08147262781858444]
[0.028203338384628296]
[0.06164155527949333]
[0.9770959615707397]
[0.9814597368240356]
[0.07816699892282486]
[0.37607714533805847]
[0.8079376220703125]
[0.6897575259208679]
[0.16024333238601685]
[0.010972470045089722]
[0.8516305685043335]
[0.009682257659733295]
[0.009309322573244572]
[0.008347568102180958]
[0.008764663711190224]
[0.9879451990127563]
[0.8141855001449585]
[0.9828817844390869]
[0.9672663807868958]
[0.9717875123023987]
[0.9732115864753723]
[0.9502052664756775]
[0.06600571423768997]
[0.9573215842247009]
[0.9451920986175537]
[0.3472493588924408]
[0.5544298887252808]
[0.019063780084252357]
[0.094686359167099]
[0.09017447382211685]
[0.009341241791844368]
[0.7665764689445496]
[0.08111810684204102]
[0.00938800722360611]
[0.926846444606781]
[0.014017506502568722]
[0.009273238480091095]
[0.013548924587666988]
[0.05023353919386864]
[0.008908221498131752]
[0.014822699129581451]
[0.06250455230474472]
[0.010120297782123089]
[0.011086993850767612]
[0.009737644344568253]
[0.008663170039653778]
[0.008362805470824242]
[0.029942765831947327]
[0.011728737503290176]
[0.024936171248555183]
[0.013701869174838066]
[0.013511407189071178]
[0.011724157258868217]
[0.0601341687142849]
[0.011060387827455997]
[0.0436084158718586]
[0.031130338087677956]
[0.010370951145887375]
[0.011268410831689835]
[0.3806402087211609]
[0.7172186374664307]
[0.011574051342904568]
[0.00958519522100687]
[0.9896140694618225]
[0.9871030449867249]
[0.9872431755065918]
[0.01072875875979662]
[0.007912504486739635]
[0.021230822429060936]
[0.6960302591323853]
[0.8762011528015137]
[0.02891412563621998]
[0.050048213452100754]
[0.12794384360313416]
[0.013849059119820595]
[0.012349353171885014]
[0.015044727362692356]
[0.027410386130213737]
[0.14750368893146515]
[0.5930904746055603]
[0.016048960387706757]
[0.03548980504274368]
[0.936521053314209]
[0.472523957490921]
[0.8624489307403564]
[0.9908276200294495]
[0.9825186729431152]
[0.9616533517837524]
[0.9738962054252625]
[0.9019699096679688]
[0.017356421798467636]
[0.8758734464645386]
[0.376825749874115]
[0.9716997146606445]
[0.03234686702489853]
[0.009144481271505356]
[0.00905667245388031]
[0.013174100778996944]
[0.10108289867639542]
[0.9094163179397583]
[0.010525977239012718]
[0.010580642148852348]
[0.01411745510995388]
[0.01024511456489563]
[0.008776495233178139]
[0.019334224984049797]
[0.010745355859398842]
[0.03969571366906166]
[0.010127796791493893]
[0.010270661674439907]
[0.058709535747766495]
[0.1474323272705078]
[0.9825221300125122]
[0.9840785264968872]
[0.024352900683879852]
[0.009089265950024128]
[0.009729720652103424]
[0.9887204766273499]
[0.9885886907577515]
[0.9850727915763855]
[0.30907994508743286]
[0.9822391271591187]
[0.914108157157898]
[0.9629542231559753]
[0.008362035267055035]
