[0.044645488262176514]
[0.6595748066902161]
[0.6611385345458984]
[0.6662111282348633]
[0.6614524126052856]
[0.6624763011932373]
[0.6570307016372681]
[0.6626530289649963]
[0.6705711483955383]
[0.6761805415153503]
[0.6561218500137329]
[0.6701387166976929]
[0.665580689907074]
[0.6722079515457153]
[0.6696651577949524]
[0.6554519534111023]
[0.6573494076728821]
[0.6671444773674011]
[0.6545583605766296]
[0.04666128382086754]
[0.04659763723611832]
[0.6382203698158264]
[0.6612682342529297]
[0.654751718044281]
[0.6554850935935974]
[0.6663060188293457]
[0.668286144733429]
[0.6593986749649048]
[0.6580746173858643]
[0.6616693139076233]
[0.6581520438194275]
[0.6728736162185669]
[0.6655552387237549]
[0.6753019094467163]
[0.6710023283958435]
[0.6651203036308289]
[0.6585761308670044]
[0.6670436859130859]
[0.66087406873703]
[0.6667634844779968]
[0.6653594970703125]
[0.6582356691360474]
[0.658502459526062]
[0.6667071580886841]
[0.6627681851387024]
[0.6638339161872864]
[0.6560553312301636]
[0.6580417156219482]
[0.04653702303767204]
[0.6432302594184875]
[0.6549541354179382]
[0.6682034730911255]
[0.6662131547927856]
[0.654248058795929]
[0.6438790559768677]
[0.6552208662033081]
[0.04639088362455368]
[0.6545249819755554]
[0.6617569327354431]
[0.046690188348293304]
[0.04573050141334534]
[0.6643455624580383]
[0.6489285826683044]
[0.04651308432221413]
[0.6541005373001099]
[0.6557434797286987]
[0.6545181274414062]
[0.667427122592926]
[0.6588309407234192]
[0.6626620292663574]
[0.6577672362327576]
[0.655531644821167]
[0.6598069071769714]
[0.6784213185310364]
[0.6756973266601562]
[0.7479177713394165]
[0.6634891033172607]
[0.6883659362792969]
[0.664562463760376]
[0.6625731587409973]
[0.6545423269271851]
[0.6677451133728027]
[0.6697200536727905]
[0.667847752571106]
[0.6637940406799316]
[0.6760910749435425]
[0.6630666851997375]
[0.6666748523712158]
[0.6657209992408752]
[0.6668761372566223]
[0.6680133938789368]
[0.6652408838272095]
[0.668822705745697]
[0.6462682485580444]
[0.8420834541320801]
[0.6649848222732544]
[0.6648333668708801]
[0.6682268977165222]
[0.663020670413971]
[0.6689558625221252]
[0.6656642556190491]
[0.6635717153549194]
[0.6581093072891235]
[0.6671587824821472]
[0.045374758541584015]
[0.6575914621353149]
[0.6430846452713013]
[0.6688125729560852]
[0.6718333959579468]
[0.043080057948827744]
[0.04045219346880913]
[0.043826691806316376]
[0.6611698865890503]
[0.6609264612197876]
[0.6571611166000366]
[0.6474384069442749]
[0.6641268134117126]
[0.7261291742324829]
[0.6484525799751282]
[0.04140136018395424]
[0.044875357300043106]
[0.04486509785056114]
[0.04517286270856857]
[0.045183952897787094]
[0.04508450999855995]
[0.043188706040382385]
[0.6528764367103577]
[0.04489602521061897]
[0.044988442212343216]
[0.04210226237773895]
[0.0451163686811924]
[0.044927652925252914]
[0.04501458629965782]
[0.04524523392319679]
[0.044964395463466644]
[0.04491451382637024]
[0.04419277608394623]
[0.044354695826768875]
[0.045197468250989914]
[0.04523972421884537]
[0.6593942642211914]
[0.04463541880249977]
[0.04448871314525604]
[0.04495948180556297]
[0.04510596767067909]
[0.04524901136755943]
[0.045413389801979065]
[0.04454529657959938]
[0.043185267597436905]
[0.04442084580659866]
[0.045088257640600204]
[0.04414026811718941]
[0.042182788252830505]
[0.045116133987903595]
[0.04427152872085571]
[0.6648802161216736]
[0.6659138202667236]
[0.6609851121902466]
[0.6672908663749695]
[0.6650471687316895]
[0.6612591743469238]
[0.6658538579940796]
[0.6689277291297913]
[0.6609092354774475]
[0.6608231067657471]
[0.6753852367401123]
[0.6628077030181885]
[0.6668891310691833]
[0.6584981679916382]
[0.6656792163848877]
[0.6624889373779297]
[0.6621595025062561]
[0.6579806208610535]
[0.6562535166740417]
[0.6543388366699219]
[0.6646994352340698]
[0.6538062691688538]
[0.658967137336731]
[0.6542641520500183]
[0.6451431512832642]
[0.6570961475372314]
[0.6404130458831787]
[0.6547732353210449]
[0.6561554074287415]
[0.6527822613716125]
[0.656640887260437]
[0.6554343700408936]
[0.6616897583007812]
[0.044177502393722534]
[0.8266050815582275]
[0.6531031727790833]
[0.6623418927192688]
[0.6638574600219727]
[0.6625147461891174]
[0.6698001027107239]
[0.6547218561172485]
[0.6675682067871094]
[0.6667782664299011]
[0.661518931388855]
[0.04518585652112961]
[0.6634166240692139]
[0.6522102355957031]
[0.6385679841041565]
[0.6551650762557983]
[0.6412349939346313]
[0.659090518951416]
[0.6667304635047913]
[0.6663883924484253]
[0.6675753593444824]
[0.6668683290481567]
[0.6523128151893616]
[0.6399180889129639]
[0.6522348523139954]
[0.6537536978721619]
[0.04510832577943802]
[0.044912319630384445]
[0.6582878232002258]
[0.6520005464553833]
[0.6456872224807739]
[0.043678879737854004]
[0.644161581993103]
[0.6410139203071594]
[0.6634939908981323]
[0.6537284255027771]
[0.6520546674728394]
[0.6579450964927673]
[0.6580260396003723]
[0.6632214784622192]
[0.6599394679069519]
[0.6596905589103699]
[0.6617863774299622]
[0.6644012928009033]
[0.6625805497169495]
[0.6641268134117126]
[0.6626791954040527]
[0.658729076385498]
[0.6664975881576538]
[0.6611464023590088]
[0.6513075232505798]
[0.6570791602134705]
[0.6581419110298157]
[0.656109631061554]
[0.6630604267120361]
[0.6559696197509766]
[0.6529944539070129]
[0.6588583588600159]
[0.6535081267356873]
[0.6403281092643738]
[0.653735876083374]
[0.657553493976593]
[0.6541711688041687]
[0.6606882214546204]
[0.663719654083252]
[0.6694579720497131]
[0.6648001670837402]
[0.6613816022872925]
[0.6614678502082825]
[0.6609438061714172]
[0.6562578678131104]
[0.6665405631065369]
[0.663919985294342]
[0.6694701910018921]
[0.6614521741867065]
[0.6652107238769531]
[0.6558961868286133]
[0.66642826795578]
[0.6663564443588257]
[0.6662429571151733]
[0.6602327227592468]
[0.6655648946762085]
[0.6585066318511963]
[0.6598817110061646]
[0.6642481684684753]
[0.661208987236023]
[0.6685329079627991]
[0.6669671535491943]
[0.6639587879180908]
[0.661652684211731]
[0.6617618203163147]
[0.6660018563270569]
[0.6660367846488953]
[0.6640729904174805]
[0.6606065034866333]
[0.6645614504814148]
[0.6725087761878967]
[0.6610714793205261]
[0.6579769253730774]
[0.6564323306083679]
[0.6635241508483887]
[0.6693575978279114]
[0.6631506085395813]
[0.6630879044532776]
[0.6611829400062561]
[0.6695125699043274]
[0.6646431088447571]
[0.6634220480918884]
[0.6555903553962708]
[0.6633937954902649]
[0.6610442399978638]
[0.6640386581420898]
[0.6634969711303711]
[0.6535599231719971]
[0.6548866033554077]
[0.6631109118461609]
[0.6612783670425415]
[0.6530731916427612]
[0.6542660593986511]
[0.650258481502533]
[0.658749520778656]
[0.6617087125778198]
[0.6546931266784668]
[0.656865119934082]
[0.6571353673934937]
[0.6635631918907166]
[0.6614679098129272]
[0.656992495059967]
[0.6390297412872314]
[0.748995304107666]
[0.6541938781738281]
[0.045212969183921814]
[0.657568097114563]
[0.6594272255897522]
[0.6573123931884766]
[0.6549035310745239]
[0.6650511622428894]
[0.6547830700874329]
[0.6610772609710693]
[0.6599396467208862]
[0.6527306437492371]
[0.6568898558616638]
[0.6541253924369812]
[0.652094841003418]
[0.6667346358299255]
[0.6669079065322876]
[0.6543034315109253]
[0.6552873849868774]
[0.6672168970108032]
[0.6632169485092163]
[0.653815746307373]
[0.650105357170105]
[0.6825160384178162]
[0.6518926620483398]
[0.6629612445831299]
[0.659234344959259]
[0.6519380807876587]
[0.6539145708084106]
[0.6626468300819397]
[0.6669275760650635]
[0.6694365739822388]
[0.6648316383361816]
[0.6557791829109192]
[0.6544404029846191]
[0.6670356392860413]
[0.6671862602233887]
[0.6660144329071045]
[0.6633386015892029]
[0.6579012274742126]
[0.6638553738594055]
[0.6610908508300781]
[0.6648702621459961]
[0.6625964045524597]
[0.6638575792312622]
[0.6532760858535767]
[0.6671163439750671]
[0.6695825457572937]
[0.6545721888542175]
[0.6665031313896179]
[0.6547539830207825]
[0.6754035353660583]
[0.6592512726783752]
[0.6400967240333557]
[0.6541402339935303]
[0.6502913236618042]
[0.045125529170036316]
[0.04532606154680252]
[0.6543116569519043]
[0.6552959084510803]
[0.6543694734573364]
[0.6542288661003113]
[0.651577889919281]
[0.6503856778144836]
[0.045627161860466]
[0.6483610272407532]
[0.045700009912252426]
[0.8353127837181091]
[0.6453572511672974]
[0.6533972024917603]
[0.6540722846984863]
[0.6534356474876404]
[0.6504309177398682]
[0.6523767113685608]
[0.6376570463180542]
[0.04351898655295372]
[0.6549451351165771]
[0.6662623286247253]
[0.6566509008407593]
[0.6435402035713196]
[0.6428727507591248]
[0.06522824615240097]
[0.6377808451652527]
[0.045304976403713226]
[0.045172154903411865]
[0.6539843082427979]
[0.653864860534668]
[0.6643723845481873]
[0.6632055044174194]
[0.6639752984046936]
[0.6658298373222351]
[0.663993775844574]
[0.6543118953704834]
[0.6638632416725159]
[0.6551764011383057]
[0.6551594734191895]
[0.6640805006027222]
[0.0456811785697937]
[0.6405515074729919]
[0.6491405367851257]
[0.6448376178741455]
[0.6557202339172363]
[0.6633522510528564]
[0.6450071334838867]
[0.6642861366271973]
[0.6394302845001221]
[0.045969944447278976]
[0.6513378620147705]
[0.6533528566360474]
[0.6568003296852112]
[0.04553776606917381]
[0.6571939587593079]
[0.6534165143966675]
[0.045766089111566544]
[0.04578487575054169]
[0.6377444863319397]
[0.638437032699585]
[0.6563071608543396]
[0.6554409861564636]
[0.654891848564148]
[0.6537396311759949]
[0.6433842778205872]
[0.6586372256278992]
[0.6622393131256104]
[0.045537836849689484]
[0.6582266688346863]
[0.6537668704986572]
[0.6426172256469727]
[0.6486965417861938]
[0.6533079743385315]
[0.663722574710846]
[0.6483719348907471]
[0.6523375511169434]
[0.6518623232841492]
[0.6507839560508728]
[0.6505753397941589]
[0.045966994017362595]
[0.04553723707795143]
[0.6537221074104309]
[0.6540687084197998]
[0.6611835956573486]
[0.6545374393463135]
[0.6493507623672485]
[0.6571500301361084]
[0.04496919736266136]
[0.04588184505701065]
[0.6385399699211121]
[0.6509528160095215]
[0.6632035374641418]
[0.6618427038192749]
[0.654718816280365]
[0.6651581525802612]
[0.6565003395080566]
[0.6609211564064026]
[0.6497337818145752]
[0.6629557013511658]
[0.6556734442710876]
[0.6529685258865356]
[0.6553439497947693]
[0.6548909544944763]
[0.653062641620636]
[0.6665441989898682]
[0.6535747647285461]
[0.6611194610595703]
[0.6384690999984741]
[0.045752108097076416]
[0.0455700159072876]
[0.04510921984910965]
[0.5378000736236572]
[0.6428635716438293]
[0.044980473816394806]
[0.044846318662166595]
[0.04395671933889389]
[0.04466084763407707]
[0.04440636560320854]
[0.6440898180007935]
[0.04337543621659279]
[0.04381968826055527]
[0.643793523311615]
[0.045170653611421585]
[0.6945732235908508]
[0.6508387327194214]
[0.643469512462616]
[0.64952152967453]
[0.04419076070189476]
[0.04518633708357811]
[0.04399498924612999]
[0.6691488027572632]
[0.664565920829773]
[0.6608861684799194]
[0.6512324213981628]
[0.6634665131568909]
[0.6640517115592957]
[0.6465080976486206]
[0.6447098255157471]
