[0.24703343212604523]
[0.9173070788383484]
[0.9646651148796082]
[0.9020749926567078]
[0.979816198348999]
[0.9574834108352661]
[0.9768610596656799]
[0.9801151752471924]
[0.9775719046592712]
[0.9790365099906921]
[0.9771813154220581]
[0.9802140593528748]
[0.9794984459877014]
[0.9767838716506958]
[0.9798622727394104]
[0.8301189541816711]
[0.8222678303718567]
[0.9707127213478088]
[0.604543149471283]
[0.19542117416858673]
[0.27150240540504456]
[0.3418062925338745]
[0.9754029512405396]
[0.9768897294998169]
[0.9670928716659546]
[0.9743054509162903]
[0.9779192805290222]
[0.9800005555152893]
[0.9663075804710388]
[0.9789862036705017]
[0.9775949120521545]
[0.9806861877441406]
[0.9738211035728455]
[0.97919762134552]
[0.9804645776748657]
[0.9789090156555176]
[0.97235107421875]
[0.9764675498008728]
[0.976302981376648]
[0.9770373106002808]
[0.9782901406288147]
[0.9717751741409302]
[0.9748450517654419]
[0.9770450592041016]
[0.9771975874900818]
[0.9783238172531128]
[0.9724241495132446]
[0.9600352048873901]
[0.2365485280752182]
[0.42287740111351013]
[0.7501524090766907]
[0.9810397624969482]
[0.9785664081573486]
[0.9698684811592102]
[0.3892729878425598]
[0.4797686040401459]
[0.30740925669670105]
[0.9395694136619568]
[0.950354814529419]
[0.21097348630428314]
[0.25553807616233826]
[0.9616937041282654]
[0.6401584148406982]
[0.22667846083641052]
[0.9198559522628784]
[0.9081647396087646]
[0.9735825061798096]
[0.9750490188598633]
[0.9513252377510071]
[0.9797388315200806]
[0.9169080853462219]
[0.9410238862037659]
[0.9019650816917419]
[0.9776431322097778]
[0.9625109434127808]
[0.30150413513183594]
[0.9635191559791565]
[0.9701973795890808]
[0.9599870443344116]
[0.9432544708251953]
[0.9771073460578918]
[0.9814008474349976]
[0.9778565764427185]
[0.9823182821273804]
[0.9804520010948181]
[0.9820127487182617]
[0.9801872372627258]
[0.9797206521034241]
[0.9803717732429504]
[0.9781463742256165]
[0.9746549725532532]
[0.8999955058097839]
[0.977053701877594]
[0.33945879340171814]
[0.14943215250968933]
[0.9763058423995972]
[0.9784898161888123]
[0.978886604309082]
[0.9799664616584778]
[0.9814627170562744]
[0.9816026091575623]
[0.9747649431228638]
[0.9727182984352112]
[0.963341474533081]
[0.33363911509513855]
[0.613124668598175]
[0.25110524892807007]
[0.9473944902420044]
[0.5374982357025146]
[0.5363619327545166]
[0.6451543569564819]
[0.29283836483955383]
[0.9579563140869141]
[0.969399094581604]
[0.9700895547866821]
[0.9697129130363464]
[0.9775615334510803]
[0.5051665902137756]
[0.9298229813575745]
[0.6295947432518005]
[0.2938515841960907]
[0.1813974827528]
[0.1869581788778305]
[0.23964034020900726]
[0.31337153911590576]
[0.24042965471744537]
[0.963964581489563]
[0.24373647570610046]
[0.21381795406341553]
[0.3354189395904541]
[0.24074198305606842]
[0.29061686992645264]
[0.26968804001808167]
[0.21571245789527893]
[0.2463710755109787]
[0.21811670064926147]
[0.3212355673313141]
[0.2809004485607147]
[0.23478098213672638]
[0.24701163172721863]
[0.8842395544052124]
[0.22953654825687408]
[0.22881397604942322]
[0.20766481757164001]
[0.20723576843738556]
[0.2244216352701187]
[0.2336171567440033]
[0.2310316413640976]
[0.3629632294178009]
[0.16945692896842957]
[0.23275718092918396]
[0.24232368171215057]
[0.3096297085285187]
[0.21368125081062317]
[0.1941905915737152]
[0.9802594184875488]
[0.9802936315536499]
[0.9806093573570251]
[0.9786152839660645]
[0.9782111644744873]
[0.9789834022521973]
[0.980030357837677]
[0.9784992933273315]
[0.9802955985069275]
[0.9759649634361267]
[0.9775266647338867]
[0.9703965783119202]
[0.9710686802864075]
[0.955622673034668]
[0.9720602631568909]
[0.973473846912384]
[0.9781572222709656]
[0.9752312898635864]
[0.9801942110061646]
[0.9783072471618652]
[0.9753059148788452]
[0.9796318411827087]
[0.9797616004943848]
[0.980022132396698]
[0.6730819344520569]
[0.4988042116165161]
[0.3363373875617981]
[0.9743481874465942]
[0.9141756296157837]
[0.47428828477859497]
[0.9784477353096008]
[0.9751826524734497]
[0.5808655023574829]
[0.33787745237350464]
[0.33837786316871643]
[0.7265681624412537]
[0.9800947904586792]
[0.9788752794265747]
[0.9813124537467957]
[0.974242091178894]
[0.9794899821281433]
[0.9778409600257874]
[0.9689374566078186]
[0.9719493389129639]
[0.33039140701293945]
[0.97639000415802]
[0.9782578349113464]
[0.5506806969642639]
[0.5317661762237549]
[0.8395225405693054]
[0.9745253324508667]
[0.9782092571258545]
[0.9776037931442261]
[0.9734610915184021]
[0.9672236442565918]
[0.9528650045394897]
[0.5354467034339905]
[0.9693471193313599]
[0.969108521938324]
[0.4156591296195984]
[0.3896515965461731]
[0.9517031908035278]
[0.9231712818145752]
[0.9537220001220703]
[0.246563121676445]
[0.6225063800811768]
[0.7298504710197449]
[0.9738225936889648]
[0.9761754870414734]
[0.9762157201766968]
[0.9784185886383057]
[0.978383481502533]
[0.9792801737785339]
[0.978490948677063]
[0.9752737879753113]
[0.9766405820846558]
[0.9779039621353149]
[0.9755006432533264]
[0.9737822413444519]
[0.9753744006156921]
[0.9724432826042175]
[0.9763962626457214]
[0.977308452129364]
[0.9735629558563232]
[0.9749757051467896]
[0.965744137763977]
[0.9721330404281616]
[0.9682989120483398]
[0.8017758131027222]
[0.9186314344406128]
[0.9674934148788452]
[0.9765125513076782]
[0.3663739562034607]
[0.8761031627655029]
[0.960211455821991]
[0.9700716137886047]
[0.9727643132209778]
[0.8364556431770325]
[0.9780855178833008]
[0.9782940149307251]
[0.9775921702384949]
[0.9751567244529724]
[0.9784693717956543]
[0.9670207500457764]
[0.978097140789032]
[0.9783105850219727]
[0.9808299541473389]
[0.9755576848983765]
[0.9769874811172485]
[0.9758042097091675]
[0.9800758361816406]
[0.9799293875694275]
[0.9782217144966125]
[0.978105366230011]
[0.9741766452789307]
[0.9778387546539307]
[0.9738127589225769]
[0.9759448170661926]
[0.9784664511680603]
[0.9795510768890381]
[0.978061318397522]
[0.9751385450363159]
[0.9786728024482727]
[0.967584490776062]
[0.9784793257713318]
[0.9793202877044678]
[0.9764031171798706]
[0.9705224633216858]
[0.9792546629905701]
[0.9814283847808838]
[0.9787048101425171]
[0.9726170301437378]
[0.9764575362205505]
[0.975904107093811]
[0.9780072569847107]
[0.980924665927887]
[0.9755629301071167]
[0.9783349633216858]
[0.9761316776275635]
[0.9749858975410461]
[0.9772117137908936]
[0.9615857601165771]
[0.9729292988777161]
[0.9780028462409973]
[0.9750126600265503]
[0.9699118137359619]
[0.9722260236740112]
[0.5499444007873535]
[0.9769158959388733]
[0.9099461436271667]
[0.4872141182422638]
[0.500373125076294]
[0.9728768467903137]
[0.9708160758018494]
[0.9675130248069763]
[0.9722681641578674]
[0.7493449449539185]
[0.9662936925888062]
[0.9781087636947632]
[0.9380195140838623]
[0.977486252784729]
[0.40243369340896606]
[0.34271323680877686]
[0.8042922616004944]
[0.4321824610233307]
[0.9765489101409912]
[0.970508873462677]
[0.9663490056991577]
[0.8794283270835876]
[0.9740626215934753]
[0.9730218052864075]
[0.9726229310035706]
[0.9682796001434326]
[0.9113613367080688]
[0.8222903609275818]
[0.9678932428359985]
[0.9445099234580994]
[0.8248481750488281]
[0.8482123613357544]
[0.2513056993484497]
[0.2416287511587143]
[0.531419575214386]
[0.42275699973106384]
[0.5737584829330444]
[0.2196739912033081]
[0.9387605786323547]
[0.3153608441352844]
[0.43372973799705505]
[0.2968774735927582]
[0.9170064330101013]
[0.9768262505531311]
[0.9614229798316956]
[0.9403891563415527]
[0.9729115962982178]
[0.7837607264518738]
[0.6132949590682983]
[0.9690569043159485]
[0.9711020588874817]
[0.9555900692939758]
[0.9699904322624207]
[0.754883885383606]
[0.8860534429550171]
[0.9767512083053589]
[0.9610908031463623]
[0.9620263576507568]
[0.21161651611328125]
[0.3819308876991272]
[0.15623565018177032]
[0.3821001946926117]
[0.37610113620758057]
[0.15382681787014008]
[0.49601513147354126]
[0.23370371758937836]
[0.42473483085632324]
[0.21336975693702698]
[0.11799785494804382]
[0.5266467928886414]
[0.48171693086624146]
[0.15273204445838928]
[0.14954927563667297]
[0.12029528617858887]
[0.3460964262485504]
[0.24666322767734528]
[0.280028760433197]
[0.20749525725841522]
[0.16495805978775024]
[0.09921924024820328]
[0.2588544189929962]
[0.10106972604990005]
[0.1631280928850174]
[0.24727469682693481]
[0.20323295891284943]
[0.24012553691864014]
[0.3649529814720154]
[0.5058378577232361]
[0.9168215990066528]
[0.0991213470697403]
[0.1450534611940384]
[0.21773575246334076]
[0.5546072125434875]
[0.37600141763687134]
[0.158279150724411]
[0.8993539810180664]
[0.13764362037181854]
[0.13690577447414398]
[0.13076487183570862]
[0.1219477728009224]
[0.9418032765388489]
[0.3815615475177765]
[0.7949500679969788]
[0.29934003949165344]
[0.42911383509635925]
[0.4762684106826782]
[0.40022793412208557]
[0.17074830830097198]
[0.7404938340187073]
[0.7166272401809692]
[0.6065986156463623]
[0.5477239489555359]
[0.1889289915561676]
[0.14867131412029266]
[0.31649091839790344]
[0.1365954875946045]
[0.38315293192863464]
[0.43838098645210266]
[0.205376997590065]
[0.4226476848125458]
[0.20555904507637024]
[0.09594520926475525]
[0.1891663670539856]
[0.21870627999305725]
[0.22385179996490479]
[0.16975374519824982]
[0.3930002450942993]
[0.1683962494134903]
[0.28840920329093933]
[0.1705479919910431]
[0.09770247340202332]
[0.15752427279949188]
[0.32540959119796753]
[0.22598733007907867]
[0.2750885784626007]
[0.19568103551864624]
[0.17627359926700592]
[0.4006381034851074]
[0.29338815808296204]
[0.12489444017410278]
[0.3093374967575073]
[0.19393372535705566]
[0.16748371720314026]
[0.16885985434055328]
[0.22310464084148407]
[0.4559074640274048]
[0.20525862276554108]
[0.2068641632795334]
[0.6783853769302368]
[0.7209503650665283]
[0.7314245700836182]
[0.17782588303089142]
[0.147169828414917]
[0.26431402564048767]
[0.21196278929710388]
[0.3783456087112427]
[0.3026757538318634]
[0.3086581826210022]
[0.31478214263916016]
[0.39456626772880554]
[0.1828642338514328]
[0.19075708091259003]
[0.29821401834487915]
[0.27040421962738037]
[0.4532354176044464]
[0.2446586787700653]
[0.28356319665908813]
[0.7225820422172546]
[0.8289702534675598]
[0.2748947739601135]
[0.6576125621795654]
[0.5124836564064026]
[0.33567094802856445]
[0.2861427664756775]
[0.22744859755039215]
[0.19461730122566223]
[0.7888351082801819]
[0.23112915456295013]
[0.775884747505188]
[0.15362869203090668]
[0.09199752658605576]
[0.12999723851680756]
[0.14964941143989563]
[0.9025600552558899]
[0.9748143553733826]
[0.10842293500900269]
[0.11915146559476852]
[0.2436758130788803]
[0.16372254490852356]
[0.2173670381307602]
[0.37720826268196106]
[0.27618569135665894]
[0.5446712970733643]
[0.1525074690580368]
[0.18001127243041992]
[0.934977650642395]
[0.9615447521209717]
[0.9744515419006348]
[0.9723917841911316]
[0.2864040732383728]
[0.17945246398448944]
[0.189065083861351]
[0.9746505618095398]
[0.9767696261405945]
[0.9401454925537109]
[0.9723400473594666]
[0.9565619230270386]
[0.9645711183547974]
[0.9760355949401855]
[0.4594894349575043]
