[0.0017771837301552296, 0.983481228351593, 0.0147416265681386]
[0.05120709538459778, 0.054684244096279144, 0.8941086530685425]
[0.0015935434494167566, 0.9871426820755005, 0.011263774707913399]
[0.0016329584177583456, 0.9880672693252563, 0.010299736633896828]
[0.001606674981303513, 0.9863333106040955, 0.012060007080435753]
[0.0015547791263088584, 0.9865024089813232, 0.011942805722355843]
[0.001611450221389532, 0.9868665933609009, 0.011521941982209682]
[0.0014815652975812554, 0.9883062243461609, 0.010212140157818794]
[0.0015678994823247194, 0.9880715608596802, 0.010360590182244778]
[0.0016143274260684848, 0.9888139367103577, 0.009571745991706848]
[0.001987115480005741, 0.9819731712341309, 0.016039730980992317]
[0.004544599913060665, 0.9492744207382202, 0.04618103429675102]
[0.011053846217691898, 0.8503144383430481, 0.13863171637058258]
[0.0034718536771833897, 0.9469500184059143, 0.049578163772821426]
[0.030232124030590057, 0.5191946625709534, 0.450573205947876]
[0.9926274418830872, 0.0014280324103310704, 0.005944591015577316]
[0.9925300478935242, 0.0017508488381281495, 0.005719009321182966]
[0.8323214054107666, 0.0060438173823058605, 0.16163477301597595]
[0.0021876220125705004, 0.9769335389137268, 0.02087877318263054]
[0.002492155646905303, 0.9768785834312439, 0.020629219710826874]
[0.001685258699581027, 0.9839543104171753, 0.014360425993800163]
[0.0016399039886891842, 0.9873900413513184, 0.010970063507556915]
[0.0016720445128157735, 0.9881880879402161, 0.010139920748770237]
[0.001635321183130145, 0.9857717156410217, 0.012592889368534088]
[0.0022544332314282656, 0.9761175513267517, 0.021627960726618767]
[0.00198725750669837, 0.9798644781112671, 0.01814831979572773]
[0.001899491879157722, 0.9813559651374817, 0.01674451120197773]
[0.001603228272870183, 0.988007664680481, 0.010389147326350212]
[0.014846410602331161, 0.6074070930480957, 0.37774649262428284]
[0.0017602075822651386, 0.9843460917472839, 0.013893715105950832]
[0.0015692624729126692, 0.9870253205299377, 0.011405376717448235]
[0.0019578346982598305, 0.9817633032798767, 0.016278881579637527]
[0.002295876620337367, 0.9771131277084351, 0.020590951666235924]
[0.002036589663475752, 0.9791193604469299, 0.018844084814190865]
[0.0020598305854946375, 0.9835046529769897, 0.014435550197958946]
[0.0017378950724378228, 0.9848983883857727, 0.013363667763769627]
[0.0020086546428501606, 0.9788650274276733, 0.019126327708363533]
[0.00171296251937747, 0.9868819117546082, 0.011405148543417454]
[0.0017734554130584002, 0.9842294454574585, 0.013997119851410389]
[0.0016897307941690087, 0.9841371774673462, 0.014173154719173908]
[0.001646837336011231, 0.9865272641181946, 0.011825891211628914]
[0.0016762122977524996, 0.985798180103302, 0.012525686994194984]
[0.001722893095575273, 0.9861814379692078, 0.012095748446881771]
[0.0019970941357314587, 0.9787386059761047, 0.019264305010437965]
[0.9934199452400208, 0.0019628338050097227, 0.004617197439074516]
[0.9832298159599304, 0.0023444753605872393, 0.014425717294216156]
[0.9847091436386108, 0.001913607120513916, 0.013377190567553043]
[0.0016856050351634622, 0.9851941466331482, 0.013120220974087715]
[0.048612676560878754, 0.4134213626384735, 0.5379658937454224]
[0.11843515187501907, 0.053764503449201584, 0.8278003334999084]
[0.7846265435218811, 0.009906517341732979, 0.20546689629554749]
[0.8230441808700562, 0.004096572287380695, 0.17285923659801483]
[0.8093259930610657, 0.003601823467761278, 0.18707218766212463]
[0.04131703823804855, 0.33132946491241455, 0.6273534893989563]
[0.8588742613792419, 0.013271902687847614, 0.1278538703918457]
[0.9937055706977844, 0.00192653841804713, 0.004367994610220194]
[0.993398904800415, 0.0013161536771804094, 0.005284976214170456]
[0.2574889659881592, 0.009139059111475945, 0.7333719730377197]
[0.03999118506908417, 0.22733789682388306, 0.7326709032058716]
[0.9949243068695068, 0.0015329532325267792, 0.003542688675224781]
[0.34614211320877075, 0.03387494757771492, 0.6199829578399658]
[0.9434114694595337, 0.005969993770122528, 0.0506184957921505]
[0.0016987713752314448, 0.9866710305213928, 0.011630166321992874]
[0.001588860061019659, 0.987891674041748, 0.010519441217184067]
[0.0314277820289135, 0.7372798919677734, 0.23129232227802277]
[0.001868447638116777, 0.9839237332344055, 0.014207808300852776]
[0.12249895930290222, 0.12056313455104828, 0.7569379210472107]
[0.17749521136283875, 0.019533829763531685, 0.8029709458351135]
[0.7412979602813721, 0.0068702250719070435, 0.2518317997455597]
[0.0016203065169975162, 0.9855598211288452, 0.012819886207580566]
[0.08547106385231018, 0.15987072885036469, 0.7546582221984863]
[0.9806113243103027, 0.0023423226084560156, 0.017046377062797546]
[0.8039122223854065, 0.007854386232793331, 0.1882333755493164]
[0.0014908823650330305, 0.9879387617111206, 0.01057036779820919]
[0.0016100651118904352, 0.9864575266838074, 0.011932402849197388]
[0.3852193355560303, 0.00813960749655962, 0.6066410541534424]
[0.0016447539674118161, 0.9855733513832092, 0.012781857512891293]
[0.0015652428846806288, 0.9883878827095032, 0.010046862997114658]
[0.0015424449229612947, 0.9876525402069092, 0.010805033147335052]
[0.0015525119379162788, 0.9882597923278809, 0.010187683627009392]
[0.001589605351909995, 0.9876625537872314, 0.010747810825705528]
[0.001578759285621345, 0.9886584877967834, 0.009762749075889587]
[0.0016686557792127132, 0.9879969954490662, 0.01033442746847868]
[0.0016414541751146317, 0.9858415126800537, 0.012517065741121769]
[0.001602997537702322, 0.9884342551231384, 0.009962797164916992]
[0.0015183823416009545, 0.9882777333259583, 0.010203901678323746]
[0.0015257109189406037, 0.9869462847709656, 0.01152802724391222]
[0.8928083181381226, 0.003592468099668622, 0.1035991832613945]
[0.04095035791397095, 0.24135562777519226, 0.7176940441131592]
[0.982849657535553, 0.0016442774794995785, 0.015506090596318245]
[0.9949894547462463, 0.001336929970420897, 0.0036735946778208017]
[0.001910085673443973, 0.9800679087638855, 0.0180219616740942]
[0.0017330378759652376, 0.9833405613899231, 0.01492635440081358]
[0.0015135443536564708, 0.9867931008338928, 0.011693310923874378]
[0.0015357291558757424, 0.9875259399414062, 0.010938329622149467]
[0.0014844966353848577, 0.9887857437133789, 0.0097297802567482]
[0.0015515113482251763, 0.9882979989051819, 0.01015053503215313]
[0.0016542775556445122, 0.986400842666626, 0.011944866739213467]
[0.0811190977692604, 0.19140222668647766, 0.7274786233901978]
[0.004038831684738398, 0.9555480480194092, 0.04041316732764244]
[0.9903220534324646, 0.002262285677716136, 0.0074156057089567184]
[0.63797926902771, 0.00577086117118597, 0.35624992847442627]
[0.9956578016281128, 0.0014115921221673489, 0.0029305897187441587]
[0.0025982067454606295, 0.9717474579811096, 0.02565430849790573]
[0.11264337599277496, 0.19878046214580536, 0.6885761618614197]
[0.9383366703987122, 0.003401990281417966, 0.05826132744550705]
[0.21800202131271362, 0.025830257683992386, 0.7561677098274231]
[0.9928297400474548, 0.0019168297294527292, 0.005253348499536514]
[0.0021455748938024044, 0.9806679487228394, 0.017186541110277176]
[0.0016902267234399915, 0.9854640364646912, 0.012845692224800587]
[0.001894319080747664, 0.9847179055213928, 0.013387749902904034]
[0.09365397691726685, 0.019503310322761536, 0.8868427276611328]
[0.05167612060904503, 0.20161838829517365, 0.7467054724693298]
[0.739852786064148, 0.004341773688793182, 0.25580543279647827]
[0.0932578518986702, 0.020802617073059082, 0.8859394192695618]
[0.10417847335338593, 0.01886840909719467, 0.876953125]
[0.9917648434638977, 0.0018091995734721422, 0.0064258696511387825]
[0.9871699810028076, 0.0017214667750522494, 0.011108644306659698]
[0.9953957200050354, 0.0011598740238696337, 0.0034443940967321396]
[0.9948733448982239, 0.0015950293745845556, 0.0035315596032887697]
[0.7121068239212036, 0.020666545256972313, 0.26722654700279236]
[0.9932912588119507, 0.0012696465710178018, 0.005439071450382471]
[0.04266427084803581, 0.3060908615589142, 0.6512448787689209]
[0.9958634376525879, 0.0013647341402247548, 0.0027718180790543556]
[0.9921507835388184, 0.00126892258413136, 0.006580275017768145]
[0.9703671932220459, 0.002127387560904026, 0.027505338191986084]
[0.9952577948570251, 0.0014982885913923383, 0.0032439420465379953]
[0.9943933486938477, 0.001304566627368331, 0.004302100744098425]
[0.9949480295181274, 0.0015567359514534473, 0.003495199605822563]
[0.9953493475914001, 0.0012591208796948195, 0.0033915669191628695]
[0.9958374500274658, 0.0012117823353037238, 0.0029507512226700783]
[0.9944853186607361, 0.001135113532654941, 0.004379523918032646]
[0.9941630959510803, 0.0014865148114040494, 0.004350393544882536]
[0.9934483170509338, 0.001555077382363379, 0.004996638745069504]
[0.9923642873764038, 0.0014263623161241412, 0.0062093427404761314]
[0.9951708912849426, 0.0013540996005758643, 0.0034749782644212246]
[0.002947460627183318, 0.972044050693512, 0.025008512660861015]
[0.9933746457099915, 0.001295203110203147, 0.005330217070877552]
[0.993716299533844, 0.0013133445754647255, 0.0049704029224812984]
[0.9958814382553101, 0.00128911470528692, 0.0028293784707784653]
[0.9953210949897766, 0.001379910740070045, 0.003298963885754347]
[0.9736340641975403, 0.002717682160437107, 0.023648226633667946]
[0.9918688535690308, 0.0019514430314302444, 0.0061797043308615685]
[0.9762665033340454, 0.0018766726134344935, 0.021856926381587982]
[0.9599819183349609, 0.0029914856422692537, 0.03702668473124504]
[0.9957497119903564, 0.0013818842126056552, 0.0028683471027761698]
[0.9953956007957458, 0.0013998812064528465, 0.003204523352906108]
[0.9944705963134766, 0.0014572115615010262, 0.0040722438134253025]
[0.8698714375495911, 0.0038385887164622545, 0.1262899786233902]
[0.9957407712936401, 0.0013290654169395566, 0.0029302011243999004]
[0.9946560859680176, 0.001471431809477508, 0.003872405970469117]
[0.0016819037264212966, 0.9886282086372375, 0.009689942002296448]
[0.001610187697224319, 0.9886377453804016, 0.00975212175399065]
[0.0016893548890948296, 0.9881960153579712, 0.010114711709320545]
[0.0016156310448423028, 0.988836407661438, 0.009547967463731766]
[0.0017506707226857543, 0.9880208373069763, 0.010228467173874378]
[0.0017157597467303276, 0.9877260327339172, 0.01055825874209404]
[0.0017422162927687168, 0.9887248873710632, 0.009532907046377659]
[0.0016269395127892494, 0.9887180328369141, 0.009655035100877285]
[0.0016463726060464978, 0.9883570075035095, 0.009996646083891392]
[0.0019745747558772564, 0.9800388216972351, 0.017986558377742767]
[0.0015304948901757598, 0.9865955114364624, 0.011874038726091385]
[0.002471954794600606, 0.9758104085922241, 0.02171763777732849]
[0.013052117079496384, 0.3956281840801239, 0.5913196802139282]
[0.0027077465783804655, 0.9709537029266357, 0.026338517665863037]
[0.0030686496756970882, 0.9658278822898865, 0.031103504821658134]
[0.002433511195704341, 0.973645031452179, 0.0239214226603508]
[0.0017492728075012565, 0.9867547154426575, 0.01149599626660347]
[0.00535686407238245, 0.930217444896698, 0.06442570686340332]
[0.0020297763403505087, 0.9793063402175903, 0.01866387575864792]
[0.0017557365354150534, 0.9844709634780884, 0.013773332349956036]
[0.0020937854424118996, 0.9790319204330444, 0.018874308094382286]
[0.0019315648823976517, 0.9817869067192078, 0.01628158614039421]
[0.0017452769679948688, 0.9857332706451416, 0.012521494179964066]
[0.0018163085915148258, 0.9843502044677734, 0.013833444565534592]
[0.9901617765426636, 0.0017492182087153196, 0.008088993839919567]
[0.9926761984825134, 0.0014715479919686913, 0.00585233373567462]
[0.9942337870597839, 0.0013294137315824628, 0.0044367965310812]
[0.001707429881207645, 0.9866098761558533, 0.011682647280395031]
[0.10122465342283249, 0.0384429395198822, 0.8603323698043823]
[0.989245593547821, 0.001727735623717308, 0.009026660583913326]
[0.00171004852745682, 0.9858487844467163, 0.012441116385161877]
[0.0029724508058279753, 0.9637430310249329, 0.033284593373537064]
[0.03960081934928894, 0.4502235949039459, 0.5101755857467651]
[0.9948838353157043, 0.0016610074089840055, 0.003455105237662792]
[0.995410144329071, 0.0015329414745792747, 0.0030568160582333803]
[0.004459358751773834, 0.9276127219200134, 0.06792793422937393]
[0.0016578799113631248, 0.9882688522338867, 0.010073292069137096]
[0.001628186902962625, 0.9885305762290955, 0.0098412549123168]
[0.0016629192978143692, 0.9880380630493164, 0.010299038141965866]
[0.0015896990662440658, 0.9889941811561584, 0.009416159242391586]
[0.0017582462169229984, 0.986809492111206, 0.011432253755629063]
[0.0015841139247640967, 0.9877052307128906, 0.01071064081043005]
[0.001703220303170383, 0.9845444560050964, 0.013752316124737263]
[0.0016409480012953281, 0.9873615503311157, 0.010997531935572624]
[0.0019738588016480207, 0.9800488948822021, 0.017977284267544746]
[0.002416046801954508, 0.9740403890609741, 0.023543542250990868]
[0.19144459068775177, 0.0277433842420578, 0.7808120250701904]
[0.08225385844707489, 0.053064048290252686, 0.864682137966156]
[0.06051819771528244, 0.1805558055639267, 0.7589260935783386]
[0.001789343194104731, 0.9826866388320923, 0.015524039044976234]
[0.0016934468876570463, 0.9857048988342285, 0.012601694092154503]
[0.0016874582506716251, 0.9856210350990295, 0.012691454030573368]
[0.0015620734775438905, 0.9865323901176453, 0.011905549094080925]
[0.001607079291716218, 0.9869974851608276, 0.011395443230867386]
[0.00048292800784111023, 0.9209620952606201, 0.07855499535799026]
[0.3875581622123718, 0.03316948935389519, 0.5792723298072815]
[0.061898473650217056, 0.08625441789627075, 0.8518471121788025]
[0.06330685317516327, 0.10014563053846359, 0.8365475535392761]
[0.03496680036187172, 0.06433286517858505, 0.9007003903388977]
[0.0025229889433830976, 0.9737696647644043, 0.02370736561715603]
[0.040974654257297516, 0.06643422693014145, 0.8925910592079163]
[0.9907484650611877, 0.0014279386959969997, 0.007823582738637924]
[0.5670966506004333, 0.017008347436785698, 0.41589492559432983]
[0.04994535073637962, 0.01724732667207718, 0.9328072667121887]
[0.0034159240312874317, 0.9677903056144714, 0.028793716803193092]
[0.0023027663119137287, 0.9767316579818726, 0.020965594798326492]
[0.0016106177354231477, 0.985503077507019, 0.012886324897408485]
[0.001539152697660029, 0.9871912002563477, 0.011269664391875267]
[0.0016263622092083097, 0.9868930578231812, 0.011480499058961868]
[0.001590893603861332, 0.9881198406219482, 0.010289263911545277]
[0.0015280884690582752, 0.9878278970718384, 0.010643978603184223]
[0.0016852323897182941, 0.9867340326309204, 0.011580754071474075]
[0.0028559649363160133, 0.967369794845581, 0.029774297028779984]
[0.0015416082460433245, 0.986955463886261, 0.011502930894494057]
[0.0015574368881061673, 0.9869388341903687, 0.011503784917294979]
[0.0015397882089018822, 0.9867096543312073, 0.011750567704439163]
[0.002124378690496087, 0.9779562950134277, 0.0199192613363266]
[0.0017002501990646124, 0.9855842590332031, 0.012715548276901245]
[0.0019550062716007233, 0.9788278937339783, 0.019217034801840782]
[0.002044077031314373, 0.9770634770393372, 0.020892389118671417]
[0.0018914020620286465, 0.9813944101333618, 0.01671418361365795]
[0.005097273271530867, 0.9057275056838989, 0.08917523920536041]
[0.001837169169448316, 0.9846510887145996, 0.013511787168681622]
[0.001937428954988718, 0.9809513092041016, 0.01711123436689377]
[0.002557369414716959, 0.9717808961868286, 0.025661760941147804]
[0.05770818889141083, 0.22274431586265564, 0.7195475101470947]
[0.08672958612442017, 0.013419557362794876, 0.8998509049415588]
[0.02752954699099064, 0.467306524515152, 0.5051639676094055]
[0.0019992783199995756, 0.9791355729103088, 0.01886518858373165]
[0.41020938754081726, 0.013554060831665993, 0.5762366056442261]
[0.06912071257829666, 0.0632573589682579, 0.8676219582557678]
[0.04322119429707527, 0.0181136354804039, 0.9386650919914246]
[0.00262716063298285, 0.9716330766677856, 0.02573969028890133]
[0.03730431944131851, 0.09729130566120148, 0.8654043674468994]
[0.0897323340177536, 0.1900225430727005, 0.7202450633049011]
[0.0027993626426905394, 0.9508746862411499, 0.046325959265232086]
[0.001810267916880548, 0.981096088886261, 0.01709362305700779]
[0.0016509370179846883, 0.9879230856895447, 0.01042600255459547]
[0.08159604668617249, 0.3044315278530121, 0.6139724254608154]
[0.0016679347027093172, 0.9882069230079651, 0.010125120170414448]
[0.0021192485000938177, 0.9785606861114502, 0.019319981336593628]
[0.001842321129515767, 0.9816641807556152, 0.016493557021021843]
[0.001718642539344728, 0.9834786653518677, 0.014802645891904831]
[0.0019584831316024065, 0.9791445136070251, 0.01889701560139656]
[0.0016945810057222843, 0.9882628321647644, 0.010042650625109673]
[0.0018214174779132009, 0.9835200905799866, 0.014658459462225437]
[0.0018015314126387239, 0.985965371131897, 0.012233087792992592]
[0.0016980231739580631, 0.9884020686149597, 0.009899926371872425]
[0.001577294198796153, 0.9863116145133972, 0.012111031450331211]
[0.00429330300539732, 0.9553274512290955, 0.04037921503186226]
[0.0020805124659091234, 0.9784024953842163, 0.019516974687576294]
[0.0016162937972694635, 0.9856880903244019, 0.012695555575191975]
[0.0019899120088666677, 0.9810951948165894, 0.016914967447519302]
[0.06777311116456985, 0.2249160259962082, 0.7073108553886414]
[0.004603296518325806, 0.9475550055503845, 0.04784170538187027]
[0.0017070876201614738, 0.9887214303016663, 0.009571553207933903]
[0.0019398588920012116, 0.9804404377937317, 0.01761975884437561]
[0.0029677811544388533, 0.9732358455657959, 0.023796333000063896]
[0.0028427564539015293, 0.9702271223068237, 0.02693006955087185]
[0.0016269638435915112, 0.9858309626579285, 0.012542142532765865]
[0.0018312116153538227, 0.9840898513793945, 0.014079016633331776]
[0.002186254598200321, 0.9804564714431763, 0.01735728234052658]
[0.0024642895441502333, 0.9774947762489319, 0.020040960982441902]
[0.0032488610595464706, 0.9384661316871643, 0.05828499421477318]
[0.036712370812892914, 0.3090609610080719, 0.6542267203330994]
[0.0015890366630628705, 0.9871265292167664, 0.011284406296908855]
[0.0016116653569042683, 0.9867027997970581, 0.011685547418892384]
[0.0017462583491578698, 0.9879245758056641, 0.010329187847673893]
[0.0018727623391896486, 0.9829484820365906, 0.015178819186985493]
[0.002123144455254078, 0.9785382151603699, 0.01933867111802101]
[0.0015652690781280398, 0.9871553182601929, 0.011279468424618244]
[0.0016523546073585749, 0.9867681860923767, 0.011579497717320919]
[0.0018424666486680508, 0.9817678928375244, 0.016389572992920876]
[0.0018398313550278544, 0.9838919639587402, 0.01426818035542965]
[0.0043048858642578125, 0.9388949871063232, 0.05680009722709656]
[0.0046783206053078175, 0.947697639465332, 0.047624021768569946]
[0.00169777637347579, 0.983988344669342, 0.01431384589523077]
[0.002053880598396063, 0.9790064692497253, 0.018939698114991188]
[0.002002391265705228, 0.9814376831054688, 0.016559967771172523]
[0.00510947871953249, 0.9504155516624451, 0.0444750152528286]
[0.001868442166596651, 0.9861002564430237, 0.012031348422169685]
[0.0017840312793850899, 0.9855664968490601, 0.012649481184780598]
[0.004010049160569906, 0.9593406319618225, 0.036649249494075775]
[0.0018780777463689446, 0.9864219427108765, 0.011699987575411797]
[0.06493502110242844, 0.04690453037619591, 0.8881604671478271]
[0.0025189120788127184, 0.972580075263977, 0.02490103244781494]
[0.0030194707214832306, 0.9683570861816406, 0.028623487800359726]
[0.9353345632553101, 0.004832058679312468, 0.059833310544490814]
[0.7813740372657776, 0.00497731938958168, 0.21364866197109222]
[0.0017891897587105632, 0.9849652051925659, 0.013245593756437302]
[0.014161992818117142, 0.6071050763130188, 0.3787328898906708]
[0.0007163221016526222, 0.9428516030311584, 0.0564320869743824]
[0.0015625710366293788, 0.9879385828971863, 0.010498924180865288]
[0.06498856842517853, 0.3281545042991638, 0.6068568825721741]
[0.004528341349214315, 0.9324353337287903, 0.06303634494543076]
[0.003821334335952997, 0.9629054665565491, 0.03327322006225586]
[0.0015938370488584042, 0.9411975145339966, 0.05720863118767738]
[0.04879963770508766, 0.3999212384223938, 0.5512791275978088]
[0.08009454607963562, 0.25116005539894104, 0.6687453985214233]
[0.01861197128891945, 0.4458288550376892, 0.5355591773986816]
[0.0594899021089077, 0.33992302417755127, 0.6005871295928955]
[0.12471115589141846, 0.12289513647556305, 0.7523936629295349]
[0.003665178082883358, 0.9543248414993286, 0.04200998321175575]
[0.01099230907857418, 0.5812376141548157, 0.40777015686035156]
[0.05149126425385475, 0.42446470260620117, 0.5240440368652344]
[0.0685320720076561, 0.0968378484249115, 0.8346300721168518]
[0.0749831274151802, 0.25966963171958923, 0.6653472185134888]
[0.001656697248108685, 0.9878182411193848, 0.010525031015276909]
[0.002791245002299547, 0.9743871092796326, 0.022821631282567978]
[0.0020814978051930666, 0.9793887734413147, 0.01852966472506523]
[0.09007197618484497, 0.17829272150993347, 0.7316352725028992]
[0.002487537683919072, 0.9449645280838013, 0.05254796892404556]
[0.004130614455789328, 0.9629936814308167, 0.032875679433345795]
[0.002452165586873889, 0.9767623543739319, 0.020785484462976456]
[0.909726619720459, 0.0048820627853274345, 0.08539129048585892]
[0.6226498484611511, 0.012225438840687275, 0.36512473225593567]
[0.061959635466337204, 0.25452539324760437, 0.6835149526596069]
[0.044423654675483704, 0.08902549743652344, 0.8665509223937988]
[0.049417417496442795, 0.13612426817417145, 0.8144583106040955]
[0.02700050175189972, 0.5075944662094116, 0.46540504693984985]
[0.0018234740709885955, 0.9849169850349426, 0.013259535655379295]
[0.002874315483495593, 0.9747681617736816, 0.022357581183314323]
[0.7575563788414001, 0.015509674325585365, 0.226934015750885]
[0.0028211711905896664, 0.9718733429908752, 0.025305500254034996]
[0.0022333720698952675, 0.9781373739242554, 0.01962924376130104]
[0.0057686371728777885, 0.9469988942146301, 0.047232434153556824]
[0.0018389542819932103, 0.9831538796424866, 0.015007189474999905]
[0.00171473843511194, 0.9869371056556702, 0.011348227970302105]
[0.002052621217444539, 0.9797021150588989, 0.018245313316583633]
[0.0018939623842015862, 0.9821687340736389, 0.01593732088804245]
[0.001717937528155744, 0.9861937165260315, 0.012088398449122906]
[0.001702190493233502, 0.9853877425193787, 0.012909994460642338]
[0.0017089929897338152, 0.9858267903327942, 0.012464191764593124]
[0.0018667037365958095, 0.9832181930541992, 0.014915076084434986]
[0.001581023447215557, 0.9873268008232117, 0.011092204600572586]
[0.0022497994359582663, 0.9793088436126709, 0.01844131387770176]
[0.0016802989412099123, 0.9878444075584412, 0.010475261136889458]
[0.0022028759121894836, 0.9791335463523865, 0.01866365224123001]
[0.0022710447665303946, 0.9761641621589661, 0.021564766764640808]
[0.0016539134085178375, 0.9866776466369629, 0.011668389663100243]
[0.0017101368866860867, 0.9878018498420715, 0.010488003492355347]
[0.0017132880166172981, 0.9873424768447876, 0.010944158770143986]
[0.06635359674692154, 0.08311427384614944, 0.8505321145057678]
[0.06036986783146858, 0.021474868059158325, 0.9181552529335022]
[0.0020795720629394054, 0.8251824378967285, 0.17273804545402527]
[0.00387393101118505, 0.9599884152412415, 0.036137696355581284]
[0.0024491094518452883, 0.976691484451294, 0.020859405398368835]
[0.004854283761233091, 0.9413507580757141, 0.05379503220319748]
[0.0017268732190132141, 0.9850737452507019, 0.013199403882026672]
[0.004832782316952944, 0.9447089433670044, 0.05045831575989723]
[0.004851496312767267, 0.9522896409034729, 0.04285889491438866]
[0.0011528730392456055, 0.917115330696106, 0.08173184841871262]
[0.002604844979941845, 0.9582228660583496, 0.0391722209751606]
[0.09098175168037415, 0.1329588145017624, 0.7760594487190247]
[0.05923872068524361, 0.04564402624964714, 0.8951172232627869]
[0.9884999394416809, 0.0023497152142226696, 0.009150332771241665]
[0.9877933859825134, 0.002276886021718383, 0.009929763153195381]
[0.46454286575317383, 0.07632297277450562, 0.45913422107696533]
[0.042834144085645676, 0.046997059136629105, 0.9101687669754028]
[0.06159691512584686, 0.05207488685846329, 0.8863282203674316]
[0.06773912906646729, 0.23098528385162354, 0.7012755870819092]
[0.053131576627492905, 0.01871779002249241, 0.9281506538391113]
[0.11182160675525665, 0.0386812724173069, 0.8494970798492432]
[0.994061291217804, 0.001904092263430357, 0.004034651909023523]
[0.989107608795166, 0.0020945407450199127, 0.008797820657491684]
[0.9902315735816956, 0.0017171668587252498, 0.008051215671002865]
[0.9819152355194092, 0.0021182189229875803, 0.015966596081852913]
[0.9673929810523987, 0.0016745573375374079, 0.030932381749153137]
[0.05842563882470131, 0.015230556949973106, 0.9263437986373901]
[0.23410898447036743, 0.016141260042786598, 0.7497498393058777]
[0.0020371500868350267, 0.89991694688797, 0.09804587066173553]
[0.001916729612275958, 0.9832907915115356, 0.01479253638535738]
[0.0020943370182067156, 0.9803280234336853, 0.01757759414613247]
[0.03181060403585434, 0.042511507868766785, 0.9256778359413147]
[0.9431092739105225, 0.009073937311768532, 0.04781688004732132]
[0.002016404876485467, 0.9813327789306641, 0.016650857403874397]
[0.0022772287484258413, 0.9757400751113892, 0.02198270708322525]
[0.07822668552398682, 0.26225313544273376, 0.6595202088356018]
[0.6482677459716797, 0.01714382693171501, 0.3345883786678314]
[0.07111655920743942, 0.07802928239107132, 0.8508541584014893]
[0.988457977771759, 0.0018446907633915544, 0.009697286412119865]
[0.974501371383667, 0.002159031806513667, 0.023339681327342987]
[0.9929972290992737, 0.0011539632687345147, 0.005848852451890707]
[0.9917888045310974, 0.001193504547700286, 0.007017727009952068]
[0.0017555304802954197, 0.9858981370925903, 0.012346330098807812]
[0.004417772870510817, 0.953402042388916, 0.042180135846138]
[0.002828087890520692, 0.9724928736686707, 0.024679027497768402]
[0.0021468554623425007, 0.9797468185424805, 0.01810629852116108]
[0.0019945858512073755, 0.9797940850257874, 0.0182113628834486]
[0.002122096251696348, 0.9809629917144775, 0.016914857551455498]
[0.003901662304997444, 0.9501180052757263, 0.04598037898540497]
[0.06763044744729996, 0.04456385225057602, 0.887805700302124]
[0.0017314241267740726, 0.9820460677146912, 0.016222499310970306]
[0.0017992134671658278, 0.9817430973052979, 0.016457684338092804]
[0.0018674400635063648, 0.9804854393005371, 0.017647072672843933]
[0.001930747414007783, 0.9817458391189575, 0.01632339507341385]
[0.02360292337834835, 0.14136090874671936, 0.8350361585617065]
[0.004166925325989723, 0.9539279937744141, 0.041905056685209274]
[0.0455750897526741, 0.4941011369228363, 0.46032384037971497]
[0.5917612314224243, 0.006947775837033987, 0.40129101276397705]
[0.07468389719724655, 0.30643120408058167, 0.6188848614692688]
[0.11361996084451675, 0.051921263337135315, 0.8344587087631226]
[0.9529395699501038, 0.0036390244495123625, 0.043421436101198196]
[0.040335264056921005, 0.15250656008720398, 0.8071582317352295]
[0.2575032413005829, 0.0033508087508380413, 0.7391458749771118]
[0.9934625625610352, 0.002008565701544285, 0.004528883844614029]
[0.03523625060915947, 0.026469003409147263, 0.9382947087287903]
[0.026294097304344177, 0.21126002073287964, 0.762445867061615]
[0.9521893262863159, 0.003016922390088439, 0.0447937548160553]
[0.984512448310852, 0.0021884103771299124, 0.013299088925123215]
[0.05317465588450432, 0.28683149814605713, 0.6599938869476318]
[0.07040726393461227, 0.008986086584627628, 0.9206066131591797]
[0.9585739374160767, 0.006578199565410614, 0.034847863018512726]
[0.2878311574459076, 0.00874788872897625, 0.7034209966659546]
[0.3083075284957886, 0.007750176824629307, 0.6839422583580017]
[0.841679573059082, 0.003348284400999546, 0.1549721211194992]
[0.11325984448194504, 0.0260287094861269, 0.8607115149497986]
[0.029772935435175896, 0.01066034659743309, 0.9595667123794556]
[0.05486450716853142, 0.04431266710162163, 0.9008228182792664]
[0.1374875009059906, 0.02871370129287243, 0.8337988257408142]
[0.8948378562927246, 0.005255721043795347, 0.09990648925304413]
[0.06618999689817429, 0.09341249614953995, 0.8403974771499634]
[0.06586194783449173, 0.07277555018663406, 0.8613625168800354]
[0.9827044606208801, 0.003228963352739811, 0.014066552743315697]
[0.0500260628759861, 0.04028865322470665, 0.9096853733062744]
[0.5371868014335632, 0.004891673102974892, 0.45792150497436523]
[0.9898820519447327, 0.0016544732498005033, 0.008463441394269466]
[0.9864391088485718, 0.0023585453163832426, 0.011202353052794933]
[0.003455451922491193, 0.9653002619743347, 0.031244222074747086]
[0.0030737153720110655, 0.9498418569564819, 0.04708445444703102]
[0.2920057773590088, 0.02510491944849491, 0.6828892827033997]
[0.2245410978794098, 0.02422642707824707, 0.7512325048446655]
[0.001695418730378151, 0.9870592355728149, 0.01124535035341978]
[0.0018718151841312647, 0.9843640923500061, 0.013764136470854282]
[0.001981939421966672, 0.9829157590866089, 0.015102256089448929]
[0.8235893249511719, 0.004430005326867104, 0.17198072373867035]
[0.7589819431304932, 0.007443785667419434, 0.23357424139976501]
[0.05780480057001114, 0.11071845144033432, 0.8314768075942993]
[0.005188801325857639, 0.7458778619766235, 0.24893337488174438]
[0.001972133992239833, 0.9814943075180054, 0.016533566638827324]
[0.04364287853240967, 0.056744687259197235, 0.8996124267578125]
[0.5940752029418945, 0.014618443325161934, 0.3913063406944275]
[0.0745508149266243, 0.3277324140071869, 0.5977168679237366]
[0.9756703972816467, 0.0051106554456055164, 0.01921895705163479]
[0.9801241159439087, 0.003931556362658739, 0.015944266691803932]
[0.005244979169219732, 0.9513022303581238, 0.04345274344086647]
[0.9706971049308777, 0.00450640544295311, 0.024796435609459877]
[0.03931692987680435, 0.12629659473896027, 0.83438640832901]
[0.022130558267235756, 0.42284831404685974, 0.5550211071968079]
[0.9579547643661499, 0.0025682973209768534, 0.0394769050180912]
[0.0008303828071802855, 0.9531019926071167, 0.046067673712968826]
[0.037157025188207626, 0.4076679050922394, 0.5551750659942627]
[0.02148360013961792, 0.553708016872406, 0.4248083829879761]
[0.002796403830870986, 0.9723515510559082, 0.02485205978155136]
[0.001899064052850008, 0.9823749661445618, 0.01572592183947563]
[0.0017435307381674647, 0.954279363155365, 0.04397705942392349]
[0.0028456298168748617, 0.9742013216018677, 0.0229530967772007]
[0.001743537257425487, 0.9845554232597351, 0.013701003044843674]
[0.0018656870815902948, 0.9832006692886353, 0.014933676458895206]
[0.2651163637638092, 0.09598471969366074, 0.6388989090919495]
[0.0018463138258084655, 0.9830291867256165, 0.015124454163014889]
[0.0020861525554209948, 0.9459155201911926, 0.05199824273586273]
[0.0026911816094070673, 0.9729796051979065, 0.02432914637029171]
[0.040816113352775574, 0.24419905245304108, 0.7149848341941833]
[0.9945344924926758, 0.0015879456186667085, 0.0038775084540247917]
[0.9877079725265503, 0.001693539321422577, 0.010598519816994667]
[0.9618192911148071, 0.0022578216157853603, 0.035922855138778687]
[0.0032067589927464724, 0.9385772347450256, 0.05821601673960686]
[0.0019275174709036946, 0.9816451072692871, 0.01642732322216034]
[0.9947441816329956, 0.0017420765943825245, 0.003513667033985257]
[0.9951745867729187, 0.0014495868235826492, 0.003375842934474349]
[0.9929410219192505, 0.0018931759987026453, 0.005165788345038891]
[0.9940767288208008, 0.0017886972054839134, 0.004134582355618477]
[0.9936389327049255, 0.0018463816959410906, 0.004514641128480434]
[0.9763436317443848, 0.0021283358801156282, 0.021528059616684914]
[0.7026987075805664, 0.006029960233718157, 0.29127126932144165]
[0.8399428725242615, 0.003941434435546398, 0.15611562132835388]
[0.9938920736312866, 0.0010847365483641624, 0.005023286212235689]
[0.9922937154769897, 0.0013768626376986504, 0.006329407449811697]
[0.058042678982019424, 0.042836423963308334, 0.8991208672523499]
[0.04590415209531784, 0.1202613040804863, 0.8338345289230347]
[0.0017978879623115063, 0.9863049983978271, 0.01189709734171629]
[0.00198082416318357, 0.9841942191123962, 0.01382499374449253]
[0.9865632057189941, 0.0019991665612906218, 0.011437563225626945]
[0.00166403001639992, 0.9868294596672058, 0.011506465263664722]
[0.0018170414259657264, 0.9831137657165527, 0.015069199725985527]
[0.005574361886829138, 0.9102349877357483, 0.0841907188296318]
[0.44316738843917847, 0.23656916618347168, 0.32026344537734985]
[0.003951813094317913, 0.9721946716308594, 0.023853469640016556]
[0.00473543768748641, 0.9590656757354736, 0.036198846995830536]
[0.0018235642928630114, 0.9844778776168823, 0.013698611408472061]
