[0.08022540807723999, 0.07827481627464294, 0.8414998054504395]
[0.013177010230720043, 0.5173823833465576, 0.46944066882133484]
[0.006802883464843035, 0.771856427192688, 0.22134074568748474]
[0.01843971572816372, 0.33615466952323914, 0.645405650138855]
[0.001988655421882868, 0.9712206125259399, 0.026790760457515717]
[0.007190092466771603, 0.7513905167579651, 0.24141936004161835]
[0.0017544574802741408, 0.9758501648902893, 0.02239542454481125]
[0.0017986996099352837, 0.9764203429222107, 0.021780962124466896]
[0.0021007212344557047, 0.9719312191009521, 0.025968022644519806]
[0.0020999438129365444, 0.9730186462402344, 0.02488137222826481]
[0.002000445732846856, 0.9707871675491333, 0.027212321758270264]
[0.0017433040775358677, 0.9791867733001709, 0.019069930538535118]
[0.0017335424199700356, 0.9774057269096375, 0.020860712975263596]
[0.001849101041443646, 0.9851588606834412, 0.012992072850465775]
[0.001758779282681644, 0.9831196665763855, 0.015121612697839737]
[0.008213542401790619, 0.7281782627105713, 0.2636082172393799]
[0.006262972019612789, 0.7682011127471924, 0.22553588449954987]
[0.0026981746777892113, 0.9398416876792908, 0.057460080832242966]
[0.02082124352455139, 0.23838695883750916, 0.7407917976379395]
[0.05881402641534805, 0.052943211048841476, 0.8882427215576172]
[0.02861497364938259, 0.0790971964597702, 0.8922878503799438]
[0.032065361738204956, 0.13160808384418488, 0.836326539516449]
[0.0030663027428090572, 0.9180903434753418, 0.07884329557418823]
[0.0025472489651292562, 0.9566338062286377, 0.040818918496370316]
[0.00808180496096611, 0.6113378405570984, 0.3805803060531616]
[0.0022961313370615244, 0.958379864692688, 0.03932404890656471]
[0.002316974336281419, 0.9579302668571472, 0.03975274786353111]
[0.0019158173818141222, 0.9720290899276733, 0.026055140420794487]
[0.0037097844760864973, 0.8851331472396851, 0.11115708202123642]
[0.002443975768983364, 0.9610657691955566, 0.03649022430181503]
[0.0036400496028363705, 0.8918156623840332, 0.10454431176185608]
[0.002006558468565345, 0.9702671766281128, 0.027726275846362114]
[0.007452784106135368, 0.6770046353340149, 0.3155425488948822]
[0.002377886325120926, 0.9582955837249756, 0.039326492697000504]
[0.001757976715452969, 0.9755818843841553, 0.022660210728645325]
[0.002036644145846367, 0.9690107703208923, 0.028952619060873985]
[0.004325940739363432, 0.8499804735183716, 0.14569352567195892]
[0.003165425267070532, 0.9219647645950317, 0.07486982643604279]
[0.0028299365658313036, 0.9345951080322266, 0.06257497519254684]
[0.002525421790778637, 0.9520151019096375, 0.04545942693948746]
[0.0030231340788304806, 0.9386271834373474, 0.05834970250725746]
[0.002695721108466387, 0.9369288682937622, 0.060375455766916275]
[0.003145038615912199, 0.9207521080970764, 0.07610286772251129]
[0.0023353109136223793, 0.9566167593002319, 0.04104791581630707]
[0.0027706725522875786, 0.9377665519714355, 0.05946275591850281]
[0.0029639836866408587, 0.9329386949539185, 0.0640973448753357]
[0.003647314151749015, 0.9008574485778809, 0.09549520164728165]
[0.00933677889406681, 0.535208523273468, 0.45545464754104614]
[0.02635183185338974, 0.09068501740694046, 0.8829631209373474]
[0.035046014934778214, 0.16428130865097046, 0.800672709941864]
[0.008966461755335331, 0.5713089108467102, 0.41972458362579346]
[0.0023454520851373672, 0.9608689546585083, 0.036785539239645004]
[0.0023640862200409174, 0.9497277140617371, 0.04790820926427841]
[0.009477097541093826, 0.4706920385360718, 0.5198308229446411]
[0.037066467106342316, 0.12235619872808456, 0.8405773639678955]
[0.031949322670698166, 0.18364550173282623, 0.7844051718711853]
[0.012545241042971611, 0.06766074150800705, 0.9197940230369568]
[0.006235440261662006, 0.7584905624389648, 0.235274076461792]
[0.026902036741375923, 0.23675459623336792, 0.7363433241844177]
[0.019574815407395363, 0.05438763648271561, 0.926037609577179]
[0.015409832820296288, 0.03921708092093468, 0.9453730583190918]
[0.01747305877506733, 0.3341197967529297, 0.6484071612358093]
[0.018124274909496307, 0.24698805809020996, 0.7348877191543579]
[0.41821929812431335, 0.08863430470228195, 0.4931464195251465]
[0.014228910207748413, 0.4582671523094177, 0.5275039076805115]
[0.01880776882171631, 0.2818884551525116, 0.6993037462234497]
[0.0024499704595655203, 0.9577425122261047, 0.03980758413672447]
[0.0018412311328575015, 0.9785884618759155, 0.01957036927342415]
[0.0034935171715915203, 0.9109214544296265, 0.08558506518602371]
[0.0020516894292086363, 0.9667581915855408, 0.031190143898129463]
[0.01775246299803257, 0.3176407217979431, 0.6646068096160889]
[0.008045883849263191, 0.7599596381187439, 0.23199447989463806]
[0.02024218812584877, 0.2798888087272644, 0.6998689770698547]
[0.00444063963368535, 0.9189074635505676, 0.07665186375379562]
[0.005696411244571209, 0.8517078757286072, 0.14259569346904755]
[0.03842844069004059, 0.1459292471408844, 0.8156422972679138]
[0.036149509251117706, 0.26785799860954285, 0.6959924697875977]
[0.0027215625159442425, 0.9670240879058838, 0.030254388228058815]
[0.0030755491461604834, 0.9426374435424805, 0.054287005215883255]
[0.025090249255299568, 0.25033271312713623, 0.724577009677887]
[0.0021290266886353493, 0.9786474704742432, 0.019223446026444435]
[0.0017857981147244573, 0.9823441505432129, 0.015870051458477974]
[0.001724929898045957, 0.9817081689834595, 0.01656690239906311]
[0.0019509453559294343, 0.9823194146156311, 0.01572965271770954]
[0.0017996795941144228, 0.9750367999076843, 0.023163532838225365]
[0.0017456933856010437, 0.9800426959991455, 0.018211640417575836]
[0.0026958296075463295, 0.9688396453857422, 0.028464505448937416]
[0.0023755929432809353, 0.9652165174484253, 0.03240783140063286]
[0.0018053973326459527, 0.981273889541626, 0.016920791938900948]
[0.001959261717274785, 0.98468416929245, 0.013356640934944153]
[0.0017603948945179582, 0.9844022989273071, 0.013837316073477268]
[0.02585032768547535, 0.2952977418899536, 0.6788519620895386]
[0.007336713839322329, 0.8060340881347656, 0.18662922084331512]
[0.031553562730550766, 0.15435944497585297, 0.8140869736671448]
[0.09125419706106186, 0.061573442071676254, 0.8471723794937134]
[0.004829295910894871, 0.9025970697402954, 0.09257359802722931]
[0.003319455310702324, 0.9449334740638733, 0.05174705386161804]
[0.0026016004849225283, 0.9662731885910034, 0.031125159934163094]
[0.0022588935680687428, 0.9698721766471863, 0.02786889486014843]
[0.0017321559134870768, 0.9801439642906189, 0.018123872578144073]
[0.0017440499505028129, 0.982709527015686, 0.015546401031315327]
[0.004098475445061922, 0.9360360503196716, 0.05986551195383072]
[0.008874835446476936, 0.7512605786323547, 0.2398645579814911]
[0.003722635330632329, 0.9020556807518005, 0.09422171115875244]
[0.038143906742334366, 0.20347850024700165, 0.7583775520324707]
[0.026257287710905075, 0.16658137738704681, 0.8071613311767578]
[0.02910429611802101, 0.10245255380868912, 0.8684431910514832]
[0.007216548081487417, 0.6889714002609253, 0.30381205677986145]
[0.01923264190554619, 0.20797854661941528, 0.7727888226509094]
[0.02087700553238392, 0.2243584394454956, 0.7547645568847656]
[0.01602325029671192, 0.33984455466270447, 0.6441321969032288]
[0.03500812128186226, 0.13837212324142456, 0.8266198039054871]
[0.0035780968610197306, 0.8662146329879761, 0.13020728528499603]
[0.0028128207195550203, 0.9421460032463074, 0.055041152983903885]
[0.0035709198564291, 0.9056641459465027, 0.09076493978500366]
[0.0047735185362398624, 0.8040181994438171, 0.19120824337005615]
[0.00222787749953568, 0.9510774612426758, 0.04669459909200668]
[0.014523820951581001, 0.42659643292427063, 0.5588797330856323]
[0.008824370801448822, 0.6250569224357605, 0.36611872911453247]
[0.00722863245755434, 0.688836395740509, 0.3039350211620331]
[0.04352760687470436, 0.1562492549419403, 0.800223171710968]
[0.030863996595144272, 0.07320696115493774, 0.8959290385246277]
[0.05097944289445877, 0.17648521065711975, 0.7725353837013245]
[0.03784865885972977, 0.1469528079032898, 0.815198540687561]
[0.035153310745954514, 0.1986793726682663, 0.7661672830581665]
[0.016155071556568146, 0.09748335927724838, 0.8863615393638611]
[0.005580961238592863, 0.7868286371231079, 0.2075904756784439]
[0.03829069063067436, 0.14962296187877655, 0.8120864033699036]
[0.026663821190595627, 0.11553221940994263, 0.8578039407730103]
[0.024273265153169632, 0.1731187254190445, 0.8026079535484314]
[0.05554337799549103, 0.1982465535402298, 0.7462100982666016]
[0.05220261588692665, 0.20108336210250854, 0.7467140555381775]
[0.05890759080648422, 0.1060260534286499, 0.8350663185119629]
[0.038343269377946854, 0.1316213756799698, 0.8300352692604065]
[0.07765030860900879, 0.14374910295009613, 0.7786005735397339]
[0.028710028156638145, 0.13233721256256104, 0.8389527201652527]
[0.037086840718984604, 0.18341976404190063, 0.7794933915138245]
[0.03786264732480049, 0.19552098214626312, 0.7666163444519043]
[0.03231987729668617, 0.13069401681423187, 0.8369860053062439]
[0.03620218113064766, 0.13333165645599365, 0.8304662108421326]
[0.002305699745193124, 0.9540368914604187, 0.04365745186805725]
[0.016875412315130234, 0.09703334420919418, 0.8860912322998047]
[0.023015577346086502, 0.12003546953201294, 0.8569489121437073]
[0.019317535683512688, 0.09740747511386871, 0.8832749724388123]
[0.047420158982276917, 0.20432452857494354, 0.7482553124427795]
[0.0139910988509655, 0.04884056746959686, 0.9371682405471802]
[0.03284506872296333, 0.11176091432571411, 0.8553940057754517]
[0.04286094754934311, 0.17844915390014648, 0.7786898612976074]
[0.028142565861344337, 0.27256476879119873, 0.6992926597595215]
[0.06345531344413757, 0.11186345666646957, 0.8246812224388123]
[0.028204452246427536, 0.07711326330900192, 0.8946822881698608]
[0.04611143097281456, 0.17408135533332825, 0.7798071503639221]
[0.023334680125117302, 0.13113972544670105, 0.8455256819725037]
[0.08603265136480331, 0.1476045399904251, 0.766362726688385]
[0.18750135600566864, 0.11809246987104416, 0.6944062113761902]
[0.0026835387106984854, 0.9652327299118042, 0.03208372741937637]
[0.0021251621656119823, 0.9798451066017151, 0.018029678612947464]
[0.002364430809393525, 0.9722340106964111, 0.025401586666703224]
[0.0020415675826370716, 0.9844129681587219, 0.01354543399065733]
[0.0024843558203428984, 0.970890462398529, 0.02662520296871662]
[0.003366930643096566, 0.9471291303634644, 0.04950397461652756]
[0.0019202351104468107, 0.9790477156639099, 0.019032074138522148]
[0.0020338206086307764, 0.9778183698654175, 0.02014784701168537]
[0.00334253185428679, 0.949164628982544, 0.04749277979135513]
[0.005880324169993401, 0.8352582454681396, 0.158861443400383]
[0.002195981564000249, 0.9738270044326782, 0.02397700771689415]
[0.002982344711199403, 0.9586632251739502, 0.03835442662239075]
[0.010930980555713177, 0.6914736032485962, 0.29759538173675537]
[0.006820682901889086, 0.7516402006149292, 0.24153919517993927]
[0.003859122982248664, 0.920608639717102, 0.07553229480981827]
[0.0061489613726735115, 0.8351684212684631, 0.15868258476257324]
[0.0022849268279969692, 0.9763470888137817, 0.021368054673075676]
[0.0046076043508946896, 0.8872011303901672, 0.10819131135940552]
[0.002275162609294057, 0.968360185623169, 0.029364680871367455]
[0.002556490944698453, 0.9664782881736755, 0.03096524067223072]
[0.0033255841117352247, 0.9471178650856018, 0.04955653101205826]
[0.0036637987941503525, 0.9542262554168701, 0.042109936475753784]
[0.004998363554477692, 0.9193249940872192, 0.07567664980888367]
[0.0031940757762640715, 0.9658990502357483, 0.03090689517557621]
[0.03499941900372505, 0.3085961937904358, 0.6564043760299683]
[0.03209714964032173, 0.17819873988628387, 0.7897040843963623]
[0.029340051114559174, 0.10282193869352341, 0.8678380250930786]
[0.0053516267798841, 0.8704792261123657, 0.12416910380125046]
[0.024402376264333725, 0.37709957361221313, 0.5984981060028076]
[0.04027176648378372, 0.24191763997077942, 0.7178105711936951]
[0.004382814280688763, 0.9202255010604858, 0.0753917470574379]
[0.004200808238238096, 0.9134653210639954, 0.08233381062746048]
[0.02323792316019535, 0.19324252009391785, 0.7835195064544678]
[0.024315245449543, 0.05167059600353241, 0.9240140318870544]
[0.025195056572556496, 0.06900113075971603, 0.9058038592338562]
[0.020386328920722008, 0.47176462411880493, 0.5078490376472473]
[0.003718690015375614, 0.9530065655708313, 0.04327472299337387]
[0.003300665644928813, 0.9597679376602173, 0.036931347101926804]
[0.0037704540882259607, 0.9416581392288208, 0.05457143858075142]
[0.0020217616111040115, 0.9813011884689331, 0.01667708344757557]
[0.004251373000442982, 0.9282665252685547, 0.0674821063876152]
[0.0025164647959172726, 0.9761600494384766, 0.021323474124073982]
[0.0026532139163464308, 0.9662322402000427, 0.031114576384425163]
[0.0037877883296459913, 0.9404919743537903, 0.055720217525959015]
[0.5317660570144653, 0.11515508592128754, 0.3530789017677307]
[0.0051056090742349625, 0.8323832154273987, 0.1625111848115921]
[0.005490947049111128, 0.8495401740074158, 0.14496879279613495]
[0.023897847160696983, 0.2517263889312744, 0.7243757843971252]
[0.02306986413896084, 0.22283639013767242, 0.7540937066078186]
[0.008355602622032166, 0.6869966387748718, 0.3046477437019348]
[0.004083643667399883, 0.8906616568565369, 0.10525467991828918]
[0.004141882061958313, 0.9093768000602722, 0.08648129552602768]
[0.002758697373792529, 0.9549523591995239, 0.042288973927497864]
[0.003177186707034707, 0.9430857300758362, 0.05373702943325043]
[0.002149438951164484, 0.9709407687187195, 0.02690982073545456]
[0.010913688689470291, 0.5499541163444519, 0.4391322135925293]
[0.02572387270629406, 0.16188274323940277, 0.8123934268951416]
[0.012639567255973816, 0.3797358274459839, 0.6076245307922363]
[0.014060300774872303, 0.42359867691993713, 0.5623409748077393]
[0.09174855798482895, 0.07212039083242416, 0.8361309766769409]
[0.11196090281009674, 0.06637634336948395, 0.8216627240180969]
[0.014170719310641289, 0.4878353774547577, 0.49799391627311707]
[0.0052697928622365, 0.8542101979255676, 0.14051999151706696]
[0.01303690392524004, 0.49770212173461914, 0.4892609715461731]
[0.03792612627148628, 0.20815591514110565, 0.753917932510376]
[0.024464480578899384, 0.25798705220222473, 0.7175484895706177]
[0.0272616446018219, 0.2740844190120697, 0.6986539363861084]
[0.006150021683424711, 0.790747880935669, 0.20310211181640625]
[0.00484851747751236, 0.8621929287910461, 0.1329585462808609]
[0.004273893311619759, 0.8991096615791321, 0.09661643952131271]
[0.004196686204522848, 0.8815498352050781, 0.11425349116325378]
[0.0035981405526399612, 0.9086886048316956, 0.08771320432424545]
[0.004542408511042595, 0.8669549822807312, 0.12850257754325867]
[0.003541333368048072, 0.9140813946723938, 0.08237729221582413]
[0.005787802394479513, 0.8441731929779053, 0.15003900229930878]
[0.007235592696815729, 0.7830902338027954, 0.2096741497516632]
[0.0038552165497094393, 0.8958827257156372, 0.10026203840970993]
[0.004706331994384527, 0.8592569231987, 0.1360367387533188]
[0.0036202811170369387, 0.8949458003044128, 0.1014339029788971]
[0.004894652403891087, 0.8358832001686096, 0.15922211110591888]
[0.002378806471824646, 0.9592360854148865, 0.0383850522339344]
[0.0039771487936377525, 0.9043656587600708, 0.09165723621845245]
[0.004872811026871204, 0.865105926990509, 0.13002127408981323]
[0.004762700758874416, 0.8713018894195557, 0.12393535673618317]
[0.007682023569941521, 0.7912963032722473, 0.20102167129516602]
[0.002946697873994708, 0.9549878835678101, 0.04206543415784836]
[0.0037425821647047997, 0.9172909259796143, 0.07896646857261658]
[0.0032355140428990126, 0.9047920107841492, 0.09197250008583069]
[0.008260251022875309, 0.7714118361473083, 0.22032785415649414]
[0.007973345927894115, 0.7207094430923462, 0.2713172733783722]
[0.020766757428646088, 0.3456449508666992, 0.6335882544517517]
[0.006035258527845144, 0.8075933456420898, 0.18637137115001678]
[0.034806475043296814, 0.19712212681770325, 0.7680714130401611]
[0.021077895537018776, 0.368397980928421, 0.6105241775512695]
[0.013367253355681896, 0.5379998087882996, 0.44863295555114746]
[0.011986848898231983, 0.3744559586048126, 0.6135572195053101]
[0.00967857614159584, 0.4772721230983734, 0.513049304485321]
[0.01074453815817833, 0.4218856692314148, 0.567369818687439]
[0.004062434658408165, 0.8816423416137695, 0.11429521441459656]
[0.004649516195058823, 0.8120036721229553, 0.18334680795669556]
[0.0034152050502598286, 0.9053981304168701, 0.09118670225143433]
[0.009919744916260242, 0.4265720546245575, 0.5635082125663757]
[0.0038807042874395847, 0.8809720277786255, 0.11514722555875778]
[0.003202673513442278, 0.9165866374969482, 0.08021071553230286]
[0.0041550868190824986, 0.8357371687889099, 0.16010773181915283]
[0.004090816713869572, 0.8508555889129639, 0.14505359530448914]
[0.0031065840739756823, 0.9148261547088623, 0.08206728100776672]
[0.002798804547637701, 0.9511181116104126, 0.04608308523893356]
[0.0033155931159853935, 0.8944284915924072, 0.10225588083267212]
[0.009355736896395683, 0.5249114036560059, 0.4657328426837921]
[0.002678035059943795, 0.946174681186676, 0.051147207617759705]
[0.0029520124662667513, 0.9224560856819153, 0.07459188997745514]
[0.0030216029845178127, 0.9223507046699524, 0.07462774962186813]
[0.00851285271346569, 0.5640744566917419, 0.4274126887321472]
[0.00244577182456851, 0.9464811086654663, 0.051073119044303894]
[0.0038340920582413673, 0.8686776161193848, 0.12748831510543823]
[0.008427580818533897, 0.5699231028556824, 0.42164933681488037]
[0.0047875274904072285, 0.7919504642486572, 0.20326201617717743]
[0.002997225383296609, 0.9351705312728882, 0.06183222308754921]
[0.002948893466964364, 0.9203963279724121, 0.0766548290848732]
[0.004244704730808735, 0.8510884046554565, 0.1446669101715088]
[0.008183400146663189, 0.6028087735176086, 0.3890078365802765]
[0.003358246758580208, 0.9116390347480774, 0.08500266820192337]
[0.0028102181386202574, 0.9394618272781372, 0.05772794783115387]
[0.0025320767890661955, 0.9477877616882324, 0.049680162221193314]
[0.0026847284752875566, 0.943533718585968, 0.05378156900405884]
[0.009830247610807419, 0.49547654390335083, 0.49469318985939026]
[0.009783314540982246, 0.48621147871017456, 0.5040052533149719]
[0.005788087844848633, 0.7715529799461365, 0.22265896201133728]
[0.0026351273991167545, 0.9570080637931824, 0.0403568297624588]
[0.0034639183431863785, 0.9101404547691345, 0.08639563620090485]
[0.003385185496881604, 0.8942841291427612, 0.10233070701360703]
[0.004029406700283289, 0.8527558445930481, 0.14321473240852356]
[0.0038035737816244364, 0.8746039271354675, 0.12159252166748047]
[0.0033961422741413116, 0.9030118584632874, 0.09359203279018402]
[0.004026740323752165, 0.8552988767623901, 0.14067442715168]
[0.0035346115473657846, 0.8988289833068848, 0.09763646125793457]
[0.004261085297912359, 0.8376029133796692, 0.1581360399723053]
[0.0022531342692673206, 0.9635576009750366, 0.034189239144325256]
[0.005268057342618704, 0.7830179929733276, 0.2117139846086502]
[0.0064193508587777615, 0.7377049326896667, 0.25587567687034607]
[0.006428590510040522, 0.7712774872779846, 0.22229398787021637]
[0.005831528455018997, 0.7585095763206482, 0.23565886914730072]
[0.004376105032861233, 0.8542429208755493, 0.14138101041316986]
[0.003997681196779013, 0.8586263656616211, 0.13737599551677704]
[0.008604045957326889, 0.5342978239059448, 0.4570981562137604]
[0.004426781088113785, 0.8611663579940796, 0.13440687954425812]
[0.016919154673814774, 0.24456016719341278, 0.7385206818580627]
[0.00681162066757679, 0.7133631110191345, 0.2798252999782562]
[0.013566914014518261, 0.3990711271762848, 0.5873619914054871]
[0.025860045105218887, 0.2428738921880722, 0.7312660217285156]
[0.02086964063346386, 0.25471383333206177, 0.7244164943695068]
[0.005674642976373434, 0.7893078923225403, 0.20501750707626343]
[0.012045176699757576, 0.4094039499759674, 0.5785508751869202]
[0.014427032321691513, 0.37662988901138306, 0.6089431047439575]
[0.003221365390345454, 0.9295417666435242, 0.06723681837320328]
[0.018542543053627014, 0.3005642294883728, 0.6808932423591614]
[0.013286723755300045, 0.3687574863433838, 0.6179558038711548]
[0.007019834127277136, 0.6489425897598267, 0.34403762221336365]
[0.012342200614511967, 0.39017820358276367, 0.5974796414375305]
[0.006609396077692509, 0.662453830242157, 0.3309367001056671]
[0.025156740099191666, 0.13670781254768372, 0.8381354808807373]
[0.02574414201080799, 0.09722591936588287, 0.8770300149917603]
[0.014158952049911022, 0.2877240478992462, 0.6981169581413269]
[0.024437997490167618, 0.09308907389640808, 0.8824728727340698]
[0.011600621975958347, 0.38783082365989685, 0.6005685329437256]
[0.012206175364553928, 0.3518829345703125, 0.6359108686447144]
[0.013547330163419247, 0.35705283284187317, 0.629399836063385]
[0.01656901091337204, 0.30196523666381836, 0.6814658045768738]
[0.007573035079985857, 0.6173017024993896, 0.3751252591609955]
[0.003486139001324773, 0.9193534255027771, 0.07716041058301926]
[0.010370573028922081, 0.4608883857727051, 0.5287410020828247]
[0.0061995186842978, 0.7415236830711365, 0.25227686762809753]
[0.016779473051428795, 0.22483879327774048, 0.758381724357605]
[0.018519176170229912, 0.2411855310201645, 0.7402952909469604]
[0.01463114470243454, 0.4611080586910248, 0.5242608189582825]
[0.016223395243287086, 0.40441814064979553, 0.5793584585189819]
[0.01769605278968811, 0.20173710584640503, 0.7805668115615845]
[0.011073674075305462, 0.43061140179634094, 0.558314859867096]
[0.01647992432117462, 0.37141871452331543, 0.6121013760566711]
[0.03030119650065899, 0.20428459346294403, 0.7654141783714294]
[0.008932363241910934, 0.6208363175392151, 0.3702313303947449]
[0.007976855151355267, 0.5869022607803345, 0.4051209092140198]
[0.0021184671204537153, 0.9530025720596313, 0.044878922402858734]
[0.03717720881104469, 0.18297556042671204, 0.779847264289856]
[0.0031851090025156736, 0.9147173166275024, 0.08209754526615143]
[0.004263514652848244, 0.8565078377723694, 0.13922861218452454]
[0.0062485625967383385, 0.721135139465332, 0.27261626720428467]
[0.01070436742156744, 0.549092710018158, 0.44020289182662964]
[0.002471430692821741, 0.938694953918457, 0.058833662420511246]
[0.00195379089564085, 0.9576379656791687, 0.04040820524096489]
[0.0024174184072762728, 0.9404553771018982, 0.05712718889117241]
[0.0031284168362617493, 0.9178326725959778, 0.07903886586427689]
[0.0022366454359143972, 0.9602864384651184, 0.03747694194316864]
[0.0026658119168132544, 0.9304549694061279, 0.06687918305397034]
[0.0018840241245925426, 0.9612377285957336, 0.036878231912851334]
[0.0021027366165071726, 0.9547768235206604, 0.043120406568050385]
[0.0015752007020637393, 0.974668562412262, 0.023756202310323715]
[0.0029339801985770464, 0.9315407276153564, 0.0655253529548645]
[0.0017280842876061797, 0.973150372505188, 0.025121554732322693]
[0.0025134605821222067, 0.9348406195640564, 0.06264597177505493]
[0.0034660538658499718, 0.8886719346046448, 0.1078619733452797]
[0.0019885750953108072, 0.9669725894927979, 0.031038811430335045]
[0.0015987036749720573, 0.9731716513633728, 0.02522965893149376]
[0.0015791499754413962, 0.9778099656105042, 0.020610878244042397]
[0.01082354225218296, 0.5268682241439819, 0.46230825781822205]
[0.01195278950035572, 0.49671122431755066, 0.49133604764938354]
[0.003954806365072727, 0.8793757557868958, 0.11666938662528992]
[0.0029557915404438972, 0.926109254360199, 0.07093490660190582]
[0.004331184551119804, 0.8746713995933533, 0.1209973618388176]
[0.0037872763350605965, 0.8822847604751587, 0.11392799764871597]
[0.003354527521878481, 0.9119134545326233, 0.08473196625709534]
[0.002887662500143051, 0.9302470684051514, 0.06686528772115707]
[0.003963881637901068, 0.8989877104759216, 0.09704845398664474]
[0.003194777062162757, 0.9100465774536133, 0.08675867319107056]
[0.005534000229090452, 0.8025360107421875, 0.19192996621131897]
[0.008323860354721546, 0.6379636526107788, 0.3537125289440155]
[0.013868727721273899, 0.49313831329345703, 0.49299296736717224]
[0.03457169979810715, 0.15258392691612244, 0.8128443956375122]
[0.04868539422750473, 0.17250657081604004, 0.778808057308197]
[0.02733698859810829, 0.12983804941177368, 0.8428249359130859]
[0.01774604059755802, 0.34056782722473145, 0.6416861414909363]
[0.008706538006663322, 0.5942322015762329, 0.3970612585544586]
[0.007030452135950327, 0.6909504532814026, 0.3020190894603729]
[0.0244472436606884, 0.2657480835914612, 0.7098046541213989]
[0.01923997513949871, 0.24861536920070648, 0.7321446537971497]
[0.03385167196393013, 0.04919125884771347, 0.9169570207595825]
[0.034395016729831696, 0.184493750333786, 0.7811112403869629]
[0.13068851828575134, 0.08811486512422562, 0.7811965942382812]
[0.035817407071590424, 0.14039400219917297, 0.823788583278656]
[0.01826026476919651, 0.1913129836320877, 0.7904266715049744]
[0.006932049058377743, 0.6781298518180847, 0.31493809819221497]
[0.006905561778694391, 0.7007753252983093, 0.292319118976593]
[0.006244432181119919, 0.7342675924301147, 0.25948792695999146]
[0.002452812623232603, 0.939399242401123, 0.05814788118004799]
[0.0024504789616912603, 0.9402600526809692, 0.0572894811630249]
[0.011423212476074696, 0.43796607851982117, 0.5506107211112976]
[0.026672694832086563, 0.24444037675857544, 0.7288869023323059]
[0.009839327074587345, 0.518105685710907, 0.47205498814582825]
[0.0030440818518400192, 0.9179335236549377, 0.0790223479270935]
[0.003873459529131651, 0.8682225942611694, 0.12790392339229584]
[0.024059316143393517, 0.13174815475940704, 0.8441924452781677]
[0.005230784881860018, 0.7857301831245422, 0.20903900265693665]
[0.030497202649712563, 0.08659760653972626, 0.8829052448272705]
[0.028879713267087936, 0.08650761097669601, 0.8846126198768616]
[0.054594460874795914, 0.15833938121795654, 0.7870661020278931]
[0.04917444288730621, 0.15792709589004517, 0.7928984761238098]
[0.0016218558885157108, 0.9728566408157349, 0.025521552190184593]
[0.004633950535207987, 0.7863754034042358, 0.20899060368537903]
[0.003140290267765522, 0.9166938662528992, 0.0801658034324646]
[0.003680833615362644, 0.8894520401954651, 0.10686715692281723]
[0.0035514396149665117, 0.8973561525344849, 0.09909240901470184]
[0.003202526131644845, 0.9182512164115906, 0.0785461962223053]
[0.0041678971610963345, 0.8789500594139099, 0.11688204854726791]
[0.012626703828573227, 0.47360917925834656, 0.5137640833854675]
[0.0030680587515234947, 0.9240496754646301, 0.0728822648525238]
[0.0030230048578232527, 0.9172558188438416, 0.07972119748592377]
[0.004028344992548227, 0.8629257082939148, 0.13304588198661804]
[0.002797416877001524, 0.9408036470413208, 0.05639888346195221]
[0.025110159069299698, 0.1931636929512024, 0.7817261815071106]
[0.01016490999609232, 0.5593481659889221, 0.43048688769340515]
[0.007158325519412756, 0.6496714353561401, 0.3431701958179474]
[0.02707778476178646, 0.21851961314678192, 0.7544026374816895]
[0.003905081655830145, 0.8603737354278564, 0.1357211172580719]
[0.004940001294016838, 0.8372476696968079, 0.15781234204769135]
[0.03506053239107132, 0.13382038474082947, 0.8311191201210022]
[0.003440404776483774, 0.9042580127716064, 0.09230155497789383]
[0.02012990415096283, 0.23518218100070953, 0.7446879148483276]
[0.051171306520700455, 0.08732513338327408, 0.861503541469574]
[0.022695517167448997, 0.27153050899505615, 0.7057739496231079]
[0.005653430707752705, 0.7383555769920349, 0.25599098205566406]
[0.02031921036541462, 0.32922905683517456, 0.6504517793655396]
[0.03148854896426201, 0.18578876554965973, 0.7827226519584656]
[0.007846646942198277, 0.6565018892288208, 0.3356513977050781]
[0.02469455823302269, 0.24025842547416687, 0.7350470423698425]
[0.03536771982908249, 0.12915275990962982, 0.8354794383049011]
[0.022466978058218956, 0.1216309443116188, 0.8559019565582275]
[0.04444226995110512, 0.1360950618982315, 0.8194626569747925]
[0.018687721341848373, 0.10673052072525024, 0.8745817542076111]
[0.014990409836173058, 0.38612258434295654, 0.598887026309967]
[0.022811520844697952, 0.2657012343406677, 0.7114872932434082]
[0.020723635330796242, 0.264706015586853, 0.7145704030990601]
[0.01953497715294361, 0.1561359167098999, 0.8243290185928345]
[0.01954544521868229, 0.26867666840553284, 0.711777925491333]
[0.02051934413611889, 0.21836185455322266, 0.7611188292503357]
[0.015788428485393524, 0.4412171542644501, 0.5429944396018982]
[0.04254287853837013, 0.14922331273555756, 0.8082338571548462]
[0.009782345965504646, 0.5714057683944702, 0.4188118577003479]
[0.010764370672404766, 0.5162733793258667, 0.47296223044395447]
[0.03274264931678772, 0.186704620718956, 0.7805527448654175]
[0.022926663979887962, 0.08019792288541794, 0.8968754410743713]
[0.005812952294945717, 0.7607284784317017, 0.2334585040807724]
[0.004357956815510988, 0.8680005073547363, 0.1276414841413498]
[0.026069259271025658, 0.1958170235157013, 0.7781137228012085]
[0.026110008358955383, 0.24776065349578857, 0.7261292934417725]
[0.0017371939029544592, 0.9710020422935486, 0.02726072072982788]
[0.002493357751518488, 0.9468697309494019, 0.0506368950009346]
[0.002388435648754239, 0.9528011679649353, 0.044810447841882706]
[0.0362776517868042, 0.13068686425685883, 0.8330355286598206]
[0.045573435723781586, 0.1472146213054657, 0.8072119355201721]
[0.01959097944200039, 0.3543405532836914, 0.6260684728622437]
[0.00656677084043622, 0.7135780453681946, 0.2798551619052887]
[0.004265942610800266, 0.8459732532501221, 0.14976084232330322]
[0.00862479954957962, 0.6658397912979126, 0.3255353569984436]
[0.015397832728922367, 0.40996190905570984, 0.5746402144432068]
[0.006323580630123615, 0.7249161601066589, 0.2687602937221527]
[0.020931953564286232, 0.27961698174476624, 0.6994510293006897]
[0.03665221109986305, 0.12154626101255417, 0.8418014645576477]
[0.021888846531510353, 0.2802926301956177, 0.6978185176849365]
[0.016286417841911316, 0.36338555812835693, 0.6203280687332153]
[0.0052034687250852585, 0.7982789278030396, 0.19651761651039124]
[0.0067220390774309635, 0.714100182056427, 0.27917778491973877]
[0.012777909636497498, 0.5383517146110535, 0.44887039065361023]
[0.005832836963236332, 0.8023809790611267, 0.1917862445116043]
[0.004661800805479288, 0.8120654225349426, 0.18327276408672333]
[0.0037749563343822956, 0.8654618859291077, 0.13076314330101013]
[0.003598599461838603, 0.9115216732025146, 0.0848798006772995]
[0.0019007757073268294, 0.964148223400116, 0.033951010555028915]
[0.002349339658394456, 0.9378352165222168, 0.05981539189815521]
[0.013739092275500298, 0.4894353449344635, 0.4968254864215851]
[0.0028317102696746588, 0.9335474371910095, 0.06362084299325943]
[0.004143271595239639, 0.877530574798584, 0.1183261051774025]
[0.009232040494680405, 0.576953649520874, 0.41381433606147766]
[0.0016880218172445893, 0.9723840951919556, 0.025927886366844177]
[0.003123404923826456, 0.9175559282302856, 0.07932068407535553]
[0.0019020626787096262, 0.9616841077804565, 0.036413855850696564]
[0.016208823770284653, 0.37962085008621216, 0.6041703224182129]
[0.04435782507061958, 0.1254619061946869, 0.830180287361145]
[0.018099453300237656, 0.061094921082258224, 0.9208056926727295]
[0.037286996841430664, 0.13234825432300568, 0.8303647637367249]
[0.008494268171489239, 0.5077524781227112, 0.4837532937526703]
[0.005646567791700363, 0.7064449787139893, 0.28790849447250366]
[0.015283811837434769, 0.0389750711619854, 0.9457410573959351]
[0.017544344067573547, 0.04917624220252037, 0.9332794547080994]
[0.03737170621752739, 0.154054194688797, 0.8085741400718689]
[0.07068043947219849, 0.055695779621601105, 0.8736238479614258]
[0.030692366883158684, 0.11588457226753235, 0.853422999382019]
[0.020465796813368797, 0.1277407705783844, 0.8517934083938599]
[0.023018289357423782, 0.11019007861614227, 0.8667916059494019]
[0.014605537056922913, 0.24758319556713104, 0.737811267375946]
[0.026573430746793747, 0.12134445458650589, 0.8520821332931519]
[0.022977201268076897, 0.09777254611253738, 0.8792502284049988]
[0.011826088652014732, 0.36937302350997925, 0.618800938129425]
[0.009527891874313354, 0.47485846281051636, 0.5156136155128479]
[0.005049512255936861, 0.827424168586731, 0.16752631962299347]
[0.003275008173659444, 0.9128201603889465, 0.08390487730503082]
[0.01385040394961834, 0.28237712383270264, 0.7037724256515503]
[0.21014076471328735, 0.06497316807508469, 0.7248861193656921]
[0.23701147735118866, 0.06685126572847366, 0.6961373090744019]
[0.0016324638854712248, 0.9739269614219666, 0.024440623819828033]
[0.0018385716248303652, 0.969891369342804, 0.02827000617980957]
[0.0022170592565089464, 0.9506937861442566, 0.04708915948867798]
[0.0032403976656496525, 0.9029012322425842, 0.09385839849710464]
[0.002063985215499997, 0.9617404341697693, 0.036195531487464905]
[0.0021472517400979996, 0.9474114179611206, 0.05044133961200714]
[0.002884653629735112, 0.9261043667793274, 0.07101096212863922]
[0.039650049060583115, 0.30666887760162354, 0.6536810994148254]
