[0.003998798318207264]
[0.7989832162857056]
[0.878218948841095]
[0.8189175128936768]
[0.9016269445419312]
[0.8588923215866089]
[0.8839103579521179]
[0.9021401405334473]
[0.911163330078125]
[0.8906444907188416]
[0.8998591899871826]
[0.8960868716239929]
[0.9068212509155273]
[0.9107286930084229]
[0.911562442779541]
[0.8327142000198364]
[0.896576464176178]
[0.8123339414596558]
[0.6964870691299438]
[0.003977831918746233]
[0.003859372343868017]
[0.004430270753800869]
[0.8136457800865173]
[0.8849565982818604]
[0.8613890409469604]
[0.8988262414932251]
[0.9000582695007324]
[0.8858426213264465]
[0.8617061972618103]
[0.8192620277404785]
[0.8757939338684082]
[0.8891240358352661]
[0.8041550517082214]
[0.8709872364997864]
[0.8884364366531372]
[0.8691683411598206]
[0.8627793788909912]
[0.8180399537086487]
[0.8899832963943481]
[0.8930323123931885]
[0.852324903011322]
[0.8972131013870239]
[0.8930903077125549]
[0.8531840443611145]
[0.8886706233024597]
[0.8875535726547241]
[0.8623197674751282]
[0.865684986114502]
[0.004699282348155975]
[0.021642329171299934]
[0.016339583322405815]
[0.8485705852508545]
[0.35208138823509216]
[0.1843017190694809]
[0.01252821460366249]
[0.0060846260748803616]
[0.004440743941813707]
[0.10447685420513153]
[0.4916495978832245]
[0.00592462345957756]
[0.004207199439406395]
[0.1350095421075821]
[0.3541845679283142]
[0.004021713975816965]
[0.005183040630072355]
[0.01470956951379776]
[0.8640398979187012]
[0.9094926118850708]
[0.8281263709068298]
[0.8908340930938721]
[0.7217785716056824]
[0.04999146610498428]
[0.007424111943691969]
[0.9059736728668213]
[0.8465118408203125]
[0.005430612247437239]
[0.7886126041412354]
[0.9193528890609741]
[0.9090927839279175]
[0.8326366543769836]
[0.894392728805542]
[0.9029132127761841]
[0.9120213389396667]
[0.9112333059310913]
[0.9084133505821228]
[0.9139358997344971]
[0.9074484705924988]
[0.9098411202430725]
[0.9097354412078857]
[0.9084994792938232]
[0.9117617011070251]
[0.11092258989810944]
[0.8474008440971375]
[0.004338643979281187]
[0.004101872909814119]
[0.906664252281189]
[0.9075032472610474]
[0.9116201996803284]
[0.9081788063049316]
[0.9125037789344788]
[0.9107969999313354]
[0.8938239812850952]
[0.8806928396224976]
[0.8634746670722961]
[0.003875118214637041]
[0.005248977802693844]
[0.004321617539972067]
[0.8424900770187378]
[0.801307201385498]
[0.04434880241751671]
[0.010634093545377254]
[0.00374716822989285]
[0.881351113319397]
[0.8831965327262878]
[0.8815787434577942]
[0.021845407783985138]
[0.8394260406494141]
[0.004692112561315298]
[0.008520656265318394]
[0.5668385624885559]
[0.004247342702001333]
[0.003893997985869646]
[0.0036839989479631186]
[0.00500117614865303]
[0.0041198949329555035]
[0.004254483617842197]
[0.7634704113006592]
[0.0038206870667636395]
[0.003906741738319397]
[0.004230726044625044]
[0.0038035092875361443]
[0.0037716885562986135]
[0.0037044903729110956]
[0.0037253207992762327]
[0.003946130629628897]
[0.003723986679688096]
[0.003911037929356098]
[0.004120141267776489]
[0.003970340359956026]
[0.003703565103933215]
[0.904107928276062]
[0.0038325819186866283]
[0.0038147224113345146]
[0.004004897549748421]
[0.0037574409507215023]
[0.003876522881910205]
[0.003919404000043869]
[0.0040293363854289055]
[0.004580682143568993]
[0.0038929139263927937]
[0.004039418417960405]
[0.004086815752089024]
[0.004756039474159479]
[0.003693553153425455]
[0.003918925765901804]
[0.9005380868911743]
[0.9000793099403381]
[0.8929318189620972]
[0.8989996314048767]
[0.9075939655303955]
[0.8977741599082947]
[0.8992577195167542]
[0.8988615870475769]
[0.8922807574272156]
[0.877275288105011]
[0.8697889447212219]
[0.8911045789718628]
[0.8353669047355652]
[0.8475381731987]
[0.8745307922363281]
[0.8851388692855835]
[0.8972610235214233]
[0.8563269376754761]
[0.8909390568733215]
[0.8811861276626587]
[0.8983922004699707]
[0.8590955138206482]
[0.8758252859115601]
[0.885158121585846]
[0.011705209501087666]
[0.004536114167422056]
[0.004169674124568701]
[0.8884994983673096]
[0.8723479509353638]
[0.017210671678185463]
[0.8784379363059998]
[0.87675541639328]
[0.7710495591163635]
[0.004234682768583298]
[0.0038370194379240274]
[0.8434255123138428]
[0.9037314653396606]
[0.9093181490898132]
[0.9029071927070618]
[0.9127267003059387]
[0.872207760810852]
[0.910430371761322]
[0.9049298167228699]
[0.9089890122413635]
[0.0039076735265553]
[0.8833730816841125]
[0.8856252431869507]
[0.023964611813426018]
[0.2006872594356537]
[0.7893303036689758]
[0.8675205707550049]
[0.8904585242271423]
[0.9071046113967896]
[0.9040244221687317]
[0.9098626375198364]
[0.8761243224143982]
[0.022663235664367676]
[0.6159113645553589]
[0.49672040343284607]
[0.004164319951087236]
[0.004176064394414425]
[0.8040322661399841]
[0.8255985379219055]
[0.860035240650177]
[0.004145944491028786]
[0.843475878238678]
[0.7773725986480713]
[0.8553289771080017]
[0.872013509273529]
[0.875032901763916]
[0.8927415013313293]
[0.8776243329048157]
[0.9062111377716064]
[0.9066014289855957]
[0.8895862698554993]
[0.8858832120895386]
[0.8731493949890137]
[0.8839405179023743]
[0.8879402875900269]
[0.8516781330108643]
[0.8938789367675781]
[0.8511767387390137]
[0.8804110884666443]
[0.845146656036377]
[0.8375847935676575]
[0.9037797451019287]
[0.8912412524223328]
[0.8897572159767151]
[0.40389350056648254]
[0.16136309504508972]
[0.641388475894928]
[0.8620749115943909]
[0.006885404232889414]
[0.6431218385696411]
[0.5985679626464844]
[0.7872824668884277]
[0.8080076575279236]
[0.7724093198776245]
[0.7974911332130432]
[0.8773393034934998]
[0.8691359162330627]
[0.306959867477417]
[0.8911887407302856]
[0.8231431841850281]
[0.8538747429847717]
[0.8287466168403625]
[0.8411968946456909]
[0.8975307941436768]
[0.837587833404541]
[0.8948415517807007]
[0.8956419229507446]
[0.8640701174736023]
[0.826103687286377]
[0.8611598610877991]
[0.8825176954269409]
[0.8517328500747681]
[0.7179465293884277]
[0.7148475050926208]
[0.9089834094047546]
[0.8718435168266296]
[0.8338904976844788]
[0.8864632844924927]
[0.8747789859771729]
[0.8901837468147278]
[0.8895061016082764]
[0.8878977298736572]
[0.8237924575805664]
[0.8218406438827515]
[0.8643481135368347]
[0.8615329265594482]
[0.8910703063011169]
[0.883894145488739]
[0.8846256732940674]
[0.8752996325492859]
[0.8682268261909485]
[0.8652290105819702]
[0.8383014798164368]
[0.8545834422111511]
[0.8322444558143616]
[0.8449068665504456]
[0.88116455078125]
[0.8808566927909851]
[0.8866466879844666]
[0.8947604894638062]
[0.9093950390815735]
[0.8799698948860168]
[0.8798811435699463]
[0.766029417514801]
[0.8859503269195557]
[0.799447238445282]
[0.43637722730636597]
[0.5218170881271362]
[0.883125364780426]
[0.8467475175857544]
[0.8419186472892761]
[0.9031915068626404]
[0.8453595042228699]
[0.8388293981552124]
[0.8422101140022278]
[0.6308619379997253]
[0.8100510835647583]
[0.005971142090857029]
[0.01129380613565445]
[0.23577064275741577]
[0.005059011746197939]
[0.8224711418151855]
[0.804750919342041]
[0.5353568196296692]
[0.32252630591392517]
[0.5723927021026611]
[0.890730082988739]
[0.8653168082237244]
[0.8862982988357544]
[0.010191833600401878]
[0.8298386335372925]
[0.8230512738227844]
[0.8018835186958313]
[0.5923814177513123]
[0.7709336876869202]
[0.618156373500824]
[0.0149326017126441]
[0.6608527302742004]
[0.8527439832687378]
[0.8810375928878784]
[0.8500903248786926]
[0.8402484655380249]
[0.8832629323005676]
[0.8963322043418884]
[0.8139781355857849]
[0.882293164730072]
[0.889371395111084]
[0.865545392036438]
[0.8641025424003601]
[0.8927549123764038]
[0.8841562867164612]
[0.897798478603363]
[0.8545656800270081]
[0.8685261011123657]
[0.8851803541183472]
[0.9031510949134827]
[0.8576830625534058]
[0.8761544823646545]
[0.8842898607254028]
[0.9095125794410706]
[0.9111269116401672]
[0.13967351615428925]
[0.12095735222101212]
[0.843010425567627]
[0.8927067518234253]
[0.8569957613945007]
[0.8770700693130493]
[0.8973813652992249]
[0.8907386660575867]
[0.8722147941589355]
[0.8728099465370178]
[0.6895787715911865]
[0.4091103971004486]
[0.029732920229434967]
[0.0038636771496385336]
[0.003892738139256835]
[0.004125649109482765]
[0.02436838671565056]
[0.015325871296226978]
[0.7825586795806885]
[0.005510915070772171]
[0.021872127428650856]
[0.0036922513972967863]
[0.004957844503223896]
[0.003925999626517296]
[0.004105356987565756]
[0.005466927774250507]
[0.49838483333587646]
[0.0999450758099556]
[0.8401555418968201]
[0.8654565215110779]
[0.8776000142097473]
[0.13196952641010284]
[0.01657016947865486]
[0.8887986540794373]
[0.7886381149291992]
[0.30510446429252625]
[0.005740475840866566]
[0.38772282004356384]
[0.004111145623028278]
[0.00401263264939189]
[0.003860905533656478]
[0.0038879006169736385]
[0.8890731334686279]
[0.7789421081542969]
[0.8916671872138977]
[0.9052965044975281]
[0.8870560526847839]
[0.8974543213844299]
[0.8554549813270569]
[0.7374076843261719]
[0.8671772480010986]
[0.890652060508728]
[0.8684173822402954]
[0.8852474093437195]
[0.08447883278131485]
[0.2363044023513794]
[0.17957742512226105]
[0.007546973414719105]
[0.4442777931690216]
[0.1466955691576004]
[0.005047662183642387]
[0.6999296545982361]
[0.0040779211558401585]
[0.003919731825590134]
[0.05633247643709183]
[0.6920129060745239]
[0.07417020201683044]
[0.003944831900298595]
[0.559944212436676]
[0.004497482907027006]
[0.005143345333635807]
[0.004408508073538542]
[0.012485182844102383]
[0.004084516782313585]
[0.012778309173882008]
[0.04606403037905693]
[0.1634737253189087]
[0.03168949484825134]
[0.005487804301083088]
[0.048795074224472046]
[0.05629148706793785]
[0.00407016696408391]
[0.01964613050222397]
[0.04837317392230034]
[0.004072396084666252]
[0.004334881901741028]
[0.8630022406578064]
[0.8431082963943481]
[0.004258350003510714]
[0.004198845010250807]
[0.897865355014801]
[0.8787121772766113]
[0.8580623269081116]
[0.003811190603300929]
[0.004168878309428692]
[0.07625678181648254]
[0.7835662364959717]
[0.8878641724586487]
[0.018749447539448738]
[0.004460390191525221]
[0.6723982691764832]
[0.003998063504695892]
[0.004050973802804947]
[0.055540505796670914]
[0.40892040729522705]
[0.36376601457595825]
[0.6986997723579407]
[0.14333906769752502]
[0.7878629565238953]
[0.8035035729408264]
[0.8402890563011169]
[0.43772223591804504]
[0.9085654616355896]
[0.8630865812301636]
[0.8893793225288391]
[0.897718071937561]
[0.8918270468711853]
[0.8296026587486267]
[0.8776483535766602]
[0.7777365446090698]
[0.8889718055725098]
[0.00459676468744874]
[0.004031221382319927]
[0.0037774299271404743]
[0.003874266054481268]
[0.04455549642443657]
[0.8131289482116699]
[0.0038604428991675377]
[0.004836880136281252]
[0.004121977370232344]
[0.004505387041717768]
[0.04017083719372749]
[0.016902625560760498]
[0.003967850469052792]
[0.01161950919777155]
[0.004354849923402071]
[0.004366260953247547]
[0.7039585709571838]
[0.6612333059310913]
[0.8607385158538818]
[0.8869734406471252]
[0.003893282264471054]
[0.0038782304618507624]
[0.010847287252545357]
[0.9105046987533569]
[0.9070835709571838]
[0.8878428339958191]
[0.878140389919281]
[0.9057780504226685]
[0.8844314217567444]
[0.8996831774711609]
[0.004100174643099308]
