[0.4058493375778198, 0.011835443787276745, 0.58231520652771]
[0.0038974955677986145, 0.6289474964141846, 0.3671550154685974]
[0.0052605378441512585, 0.765651285648346, 0.2290882021188736]
[0.0013649851316586137, 0.10795584321022034, 0.8906791806221008]
[0.001818847726099193, 0.9360426068305969, 0.06213851273059845]
[0.003085590898990631, 0.3319982588291168, 0.6649160981178284]
[0.0007039679912850261, 0.9869433641433716, 0.012352709658443928]
[0.0008084935252554715, 0.9804278016090393, 0.01876373589038849]
[0.002266049850732088, 0.9034417867660522, 0.09429219365119934]
[0.0025224206037819386, 0.9089487195014954, 0.0885288342833519]
[0.0008219773299060762, 0.9856878519058228, 0.013490105047821999]
[0.0008636639104224741, 0.9798377156257629, 0.019298693165183067]
[0.0008586413459852338, 0.9804006814956665, 0.01874067634344101]
[0.0009286946151405573, 0.9802037477493286, 0.018867602571845055]
[0.002438570139929652, 0.8931717872619629, 0.10438957810401917]
[0.0025538629852235317, 0.9040296673774719, 0.0934164822101593]
[0.0035437769256532192, 0.6668273210525513, 0.3296288251876831]
[0.0034671686589717865, 0.6519185900688171, 0.3446142375469208]
[0.005052812397480011, 0.7140781879425049, 0.2808690369129181]
[0.10342084616422653, 0.016556391492486, 0.8800227046012878]
[0.03859355300664902, 0.012263329699635506, 0.9491431713104248]
[0.008085407316684723, 0.017441367730498314, 0.9744732975959778]
[0.002395252464339137, 0.9246048927307129, 0.07299992442131042]
[0.0010440995683893561, 0.9623302817344666, 0.03662566840648651]
[0.0019900419283658266, 0.9273855686187744, 0.07062432169914246]
[0.0008298127795569599, 0.9757687449455261, 0.023401442915201187]
[0.0009956981521099806, 0.966156005859375, 0.0328483060002327]
[0.0006249051075428724, 0.9785874485969543, 0.020787667483091354]
[0.0013680788688361645, 0.9521405696868896, 0.04649139195680618]
[0.0013127654092386365, 0.9360020756721497, 0.06268516182899475]
[0.0009944916237145662, 0.9596907496452332, 0.03931472823023796]
[0.001471222727559507, 0.9403195977210999, 0.0582091398537159]
[0.004446953535079956, 0.787319540977478, 0.20823350548744202]
[0.0013500889763236046, 0.9436532258987427, 0.05499674379825592]
[0.0007772088283672929, 0.9774007201194763, 0.02182208187878132]
[0.0012216396862640977, 0.9452871084213257, 0.053491245955228806]
[0.004814126994460821, 0.8493397235870361, 0.1458461880683899]
[0.004463706165552139, 0.820568859577179, 0.1749674677848816]
[0.0015094056725502014, 0.9560235142707825, 0.042467113584280014]
[0.0010557426139712334, 0.9578399658203125, 0.04110434651374817]
[0.001753733609803021, 0.926308810710907, 0.07193748652935028]
[0.0006490533705800772, 0.9854910373687744, 0.013859941624104977]
[0.0013559202197939157, 0.9665318131446838, 0.03211222589015961]
[0.0017114173388108611, 0.9324580430984497, 0.06583056598901749]
[0.001717749866656959, 0.9346341490745544, 0.06364811956882477]
[0.0009470708901062608, 0.9691386222839355, 0.029914356768131256]
[0.0008530981140211225, 0.9757323265075684, 0.02341459132730961]
[0.0022031599655747414, 0.9059208631515503, 0.09187592566013336]
[0.00559751782566309, 0.013217099010944366, 0.9811853766441345]
[0.004350399598479271, 0.016125021502375603, 0.979524552822113]
[0.0024313281755894423, 0.027950746938586235, 0.9696178436279297]
[0.0009780782274901867, 0.9653259515762329, 0.03369602560997009]
[0.0028454801067709923, 0.8935621976852417, 0.10359231382608414]
[0.00461213244125247, 0.8172125816345215, 0.17817525565624237]
[0.0017985886661335826, 0.0805138498544693, 0.9176875948905945]
[0.0026844246312975883, 0.03204364702105522, 0.9652719497680664]
[0.02005627378821373, 0.01360580138862133, 0.9663378596305847]
[0.0034752092324197292, 0.39901968836784363, 0.5975050926208496]
[0.0031467771623283625, 0.043208420276641846, 0.9536448121070862]
[0.012843922711908817, 0.013005755841732025, 0.9741503000259399]
[0.011548441834747791, 0.010280843824148178, 0.9781706929206848]
[0.0027301600202918053, 0.09361012279987335, 0.9036597013473511]
[0.00554521894082427, 0.01493370532989502, 0.9795210957527161]
[0.08622759580612183, 0.010682622902095318, 0.903089702129364]
[0.0022402964532375336, 0.08225957304239273, 0.9155000448226929]
[0.004447738640010357, 0.033392809331417084, 0.9621593952178955]
[0.0006610772688873112, 0.9849061369895935, 0.014432827942073345]
[0.0005547189502976835, 0.9876888990402222, 0.01175635401159525]
[0.00344645488075912, 0.35683825612068176, 0.6397153735160828]
[0.0018194738076999784, 0.936930239200592, 0.06125025078654289]
[0.004150685388594866, 0.029187733307480812, 0.9666615724563599]
[0.003674314357340336, 0.03550386428833008, 0.9608218669891357]
[0.002513117389753461, 0.02999844215810299, 0.9674884080886841]
[0.004076830577105284, 0.28868961334228516, 0.7072336077690125]
[0.002082476392388344, 0.05031117796897888, 0.9476063251495361]
[0.02544553577899933, 0.018648475408554077, 0.9559059143066406]
[0.0028457273729145527, 0.08388008922338486, 0.9132741093635559]
[0.002268255688250065, 0.9262310862541199, 0.07150065153837204]
[0.0012648781994357705, 0.9692120552062988, 0.0295230932533741]
[0.0027926606126129627, 0.043779581785202026, 0.9534277319908142]
[0.000851237797178328, 0.9868978261947632, 0.012250889092683792]
[0.0006960923783481121, 0.9838341474533081, 0.015469701960682869]
[0.001002378179691732, 0.9763118624687195, 0.02268582209944725]
[0.0007983885006979108, 0.985933244228363, 0.01326832640916109]
[0.000761824834626168, 0.9878760576248169, 0.011362042278051376]
[0.0006460444419644773, 0.9856951832771301, 0.013658813200891018]
[0.0009200276108458638, 0.982914924621582, 0.016165053471922874]
[0.003710371907800436, 0.8751110434532166, 0.12117861956357956]
[0.0009666330297477543, 0.9799783825874329, 0.019054999575018883]
[0.0006099825259298086, 0.9879014492034912, 0.01148859690874815]
[0.0008927606977522373, 0.980759859085083, 0.0183473639190197]
[0.002687813015654683, 0.022232765331864357, 0.9750794768333435]
[0.0017492431215941906, 0.05331597477197647, 0.9449347257614136]
[0.005764912813901901, 0.012712694704532623, 0.9815224409103394]
[0.003925328608602285, 0.012696868740022182, 0.9833778142929077]
[0.000853714591357857, 0.982853889465332, 0.01629241183400154]
[0.0007424363284371793, 0.9859421849250793, 0.013315437361598015]
[0.0011877856450155377, 0.9735603928565979, 0.02525181695818901]
[0.0009537002770230174, 0.9819422364234924, 0.017104025930166245]
[0.0008271007100120187, 0.9804672598838806, 0.01870562881231308]
[0.0012327511794865131, 0.9700437784194946, 0.028723470866680145]
[0.01901119388639927, 0.7111851572990417, 0.26980361342430115]
[0.0027979384176433086, 0.932766318321228, 0.06443579494953156]
[0.0045668031089007854, 0.7676227688789368, 0.22781036794185638]
[0.02754252962768078, 0.02014421857893467, 0.9523131847381592]
[0.01223072875291109, 0.019251029938459396, 0.9685181379318237]
[0.01996990106999874, 0.011668290011584759, 0.9683617353439331]
[0.005056882277131081, 0.2585238814353943, 0.7364192605018616]
[0.00768293859437108, 0.02456500194966793, 0.9677520394325256]
[0.0032336332369595766, 0.06140642985701561, 0.9353598952293396]
[0.001314978115260601, 0.07531087100505829, 0.9233741760253906]
[0.0033666936215013266, 0.022843705490231514, 0.9737895727157593]
[0.0016303656157106161, 0.9590186476707458, 0.039350979030132294]
[0.003550939494743943, 0.8702428936958313, 0.1262061893939972]
[0.0041077109053730965, 0.831705629825592, 0.16418662667274475]
[0.004466100130230188, 0.5719091892242432, 0.4236246943473816]
[0.005309089552611113, 0.7998006939888, 0.19489018619060516]
[0.0015536940190941095, 0.062363531440496445, 0.9360828399658203]
[0.0015447793994098902, 0.06899483501911163, 0.9294604063034058]
[0.001860549207776785, 0.08728094398975372, 0.9108585119247437]
[0.00956710148602724, 0.010666446760296822, 0.9797664880752563]
[0.009848230518400669, 0.012087846174836159, 0.9780639410018921]
[0.35104694962501526, 0.011641385965049267, 0.6373116374015808]
[0.02049402706325054, 0.015370157547295094, 0.9641358852386475]
[0.004499080590903759, 0.011558523401618004, 0.983942449092865]
[0.004938559141010046, 0.013141241855919361, 0.9819203019142151]
[0.006840633228421211, 0.6572026610374451, 0.3359566926956177]
[0.008353750221431255, 0.008352762088179588, 0.9832934141159058]
[0.0048476336523890495, 0.015211556106805801, 0.9799408316612244]
[0.0012203423539176583, 0.13594241440296173, 0.8628373146057129]
[0.006375680677592754, 0.011236661113798618, 0.9823876619338989]
[0.01360412035137415, 0.011457816697657108, 0.9749380946159363]
[0.07316021621227264, 0.010401464998722076, 0.9164382815361023]
[0.012743402272462845, 0.009535337798297405, 0.9777212738990784]
[0.03199172019958496, 0.009320505894720554, 0.9586877822875977]
[0.01891700178384781, 0.009648130275309086, 0.9714348316192627]
[0.0154740484431386, 0.008592969737946987, 0.9759328961372375]
[0.01843981258571148, 0.009893438778817654, 0.9716667532920837]
[0.0045204563066363335, 0.008413382805883884, 0.9870662093162537]
[0.006050324533134699, 0.011781943961977959, 0.9821677207946777]
[0.003849796485155821, 0.8506972193717957, 0.14545291662216187]
[0.008522379212081432, 0.01710420288145542, 0.974373459815979]
[0.004623365122824907, 0.0158309955149889, 0.9795457124710083]
[0.011255727149546146, 0.01067346427589655, 0.9780707955360413]
[0.00396881764754653, 0.011768704280257225, 0.9842624664306641]
[0.019944362342357635, 0.00844122190028429, 0.971614420413971]
[0.008456626906991005, 0.010204214602708817, 0.981339156627655]
[0.006271595600992441, 0.013519021682441235, 0.980209469795227]
[0.0017061131075024605, 0.036305639892816544, 0.9619882702827454]
[0.01020126137882471, 0.009339277632534504, 0.980459451675415]
[0.019777564331889153, 0.010875065810978413, 0.969347357749939]
[0.0068457177840173244, 0.011043662205338478, 0.9821106791496277]
[0.008783658035099506, 0.009193569421768188, 0.9820227026939392]
[0.2505169212818146, 0.009812397882342339, 0.7396707534790039]
[0.28509995341300964, 0.015235144644975662, 0.6996648907661438]
[0.0005829258589074016, 0.982633650302887, 0.016783462837338448]
[0.0008168866625055671, 0.9766272306442261, 0.022555867210030556]
[0.000558848783839494, 0.988353431224823, 0.01108770165592432]
[0.0005160128348506987, 0.9892888069152832, 0.010195246897637844]
[0.000613104144576937, 0.9837650656700134, 0.015621829777956009]
[0.0006388609181158245, 0.984347939491272, 0.015013262629508972]
[0.0006000694120302796, 0.9875176548957825, 0.011882293038070202]
[0.0007122755632735789, 0.9819878935813904, 0.01729980669915676]
[0.0005413491162471473, 0.9885099530220032, 0.010948768816888332]
[0.0038054771721363068, 0.7687785029411316, 0.2274160385131836]
[0.003346015466377139, 0.8581883311271667, 0.13846567273139954]
[0.00447438471019268, 0.6823819279670715, 0.31314367055892944]
[0.0025702628772705793, 0.05663862079381943, 0.9407910704612732]
[0.00518170278519392, 0.8324519395828247, 0.16236639022827148]
[0.004680400248616934, 0.6828027963638306, 0.31251680850982666]
[0.003083065152168274, 0.8505276441574097, 0.14638924598693848]
[0.0007278495468199253, 0.9821683764457703, 0.01710379682481289]
[0.003902447409927845, 0.7629808187484741, 0.23311670124530792]
[0.0036162706092000008, 0.861625611782074, 0.1347580850124359]
[0.003894596127793193, 0.8856062889099121, 0.11049911379814148]
[0.0023391449358314276, 0.8592740297317505, 0.1383868008852005]
[0.0019232069607824087, 0.9460193514823914, 0.052057452499866486]
[0.0010229275794699788, 0.9743020534515381, 0.024675054475665092]
[0.0008209467632696033, 0.9779911041259766, 0.021188024431467056]
[0.026791492477059364, 0.01602383516728878, 0.9571847319602966]
[0.02271297574043274, 0.012334220111370087, 0.964952826499939]
[0.004628054331988096, 0.010153600014746189, 0.9852184653282166]
[0.0007480845670215786, 0.987006664276123, 0.012245248071849346]
[0.003357339883223176, 0.7800717353820801, 0.21657095849514008]
[0.0022871580440551043, 0.038847919553518295, 0.9588649272918701]
[0.0007315660477615893, 0.9813511371612549, 0.01791735552251339]
[0.0042702569626271725, 0.7899728417396545, 0.20575693249702454]
[0.015403755940496922, 0.08005770295858383, 0.9045385122299194]
[0.026468342170119286, 0.014428319409489632, 0.9591034054756165]
[0.014777685515582561, 0.011943220160901546, 0.9732789993286133]
[0.0030257413163781166, 0.4996979832649231, 0.49727633595466614]
[0.0007080662762746215, 0.9874930381774902, 0.011798967607319355]
[0.0006733619375154376, 0.9861953258514404, 0.013131311163306236]
[0.0006359382532536983, 0.9882655143737793, 0.011098627001047134]
[0.000529731041751802, 0.9897854924201965, 0.00968476664274931]
[0.0006819008267484605, 0.9893457293510437, 0.00997234508395195]
[0.0007957724737934768, 0.9839879870414734, 0.015216188505291939]
[0.0011634946567937732, 0.9640152454376221, 0.034821320325136185]
[0.001875478308647871, 0.9361854195594788, 0.06193912401795387]
[0.7537709474563599, 0.009226598776876926, 0.23700252175331116]
[0.0017212298698723316, 0.9100930690765381, 0.08818571269512177]
[0.0008869352168403566, 0.9667052626609802, 0.03240785375237465]
[0.0027793855406343937, 0.17998068034648895, 0.8172399997711182]
[0.004055325407534838, 0.43220576643943787, 0.5637389421463013]
[0.003606843063607812, 0.8461008071899414, 0.15029239654541016]
[0.0007950225844979286, 0.9731345772743225, 0.026070408523082733]
[0.001041247509419918, 0.9509462714195251, 0.04801245778799057]
[0.0007587264990434051, 0.9710283279418945, 0.028212925419211388]
[0.0007597904768772423, 0.9764583110809326, 0.022781848907470703]
[0.0006598303443752229, 0.9745121002197266, 0.024828054010868073]
[0.0030888488981872797, 0.8855640292167664, 0.11134713143110275]
[0.002210559556260705, 0.22161047160625458, 0.7761788964271545]
[0.003579956479370594, 0.5076110363006592, 0.4888090193271637]
[0.004712546244263649, 0.7218923568725586, 0.2733951210975647]
[0.38723045587539673, 0.011344056576490402, 0.6014255285263062]
[0.5702759027481079, 0.011003619991242886, 0.4187205135822296]
[0.0047126030549407005, 0.6077213287353516, 0.3875660300254822]
[0.0017321112100034952, 0.9160767197608948, 0.08219121396541595]
[0.003028248203918338, 0.7199099659919739, 0.27706179022789]
[0.001893505803309381, 0.03422243893146515, 0.9638840556144714]
[0.0015013690572232008, 0.04264787212014198, 0.9558508396148682]
[0.0032516969367861748, 0.4378528892993927, 0.5588953495025635]
[0.004870482720434666, 0.6176598072052002, 0.3774696886539459]
[0.0019199535017833114, 0.9193318486213684, 0.0787481963634491]
[0.0013273999793455005, 0.9508424401283264, 0.047830138355493546]
[0.0007517948979511857, 0.969231903553009, 0.03001636266708374]
[0.001021345378831029, 0.9543799161911011, 0.04459873214364052]
[0.0015928082866594195, 0.9274078607559204, 0.0709993913769722]
[0.0006135383155196905, 0.9757718443870544, 0.023614639416337013]
[0.0029746515210717916, 0.8707764148712158, 0.12624891102313995]
[0.0019698990508913994, 0.916235089302063, 0.08179499953985214]
[0.0013513079611584544, 0.9583730697631836, 0.040275610983371735]
[0.0009446744807064533, 0.9649896621704102, 0.034065645188093185]
[0.0010248064063489437, 0.961414635181427, 0.037560541182756424]
[0.0014599307905882597, 0.9212073683738708, 0.0773327425122261]
[0.001098132343031466, 0.9623091816902161, 0.03659263253211975]
[0.005429251119494438, 0.8374816179275513, 0.15708914399147034]
[0.004300766624510288, 0.8370259404182434, 0.1586732417345047]
[0.002562251640483737, 0.8765299320220947, 0.12090783566236496]
[0.005243869498372078, 0.5946425199508667, 0.40011364221572876]
[0.005890753585845232, 0.6827892661094666, 0.3113200068473816]
[0.0018615381559357047, 0.9095908403396606, 0.08854757249355316]
[0.0029709720984101295, 0.7945777177810669, 0.20245127379894257]
[0.0020940371323376894, 0.1716621369123459, 0.8262438178062439]
[0.0022451302502304316, 0.408631294965744, 0.589123547077179]
[0.0037758902180939913, 0.8414474725723267, 0.1547766476869583]
[0.0023919311352074146, 0.8994318842887878, 0.09817622601985931]
[0.007160401437431574, 0.018934935331344604, 0.9739046692848206]
[0.001642895513214171, 0.12382489442825317, 0.874532163143158]
[0.002066356595605612, 0.3862094283103943, 0.6117242574691772]
[0.002993703121319413, 0.9053462743759155, 0.09165999293327332]
[0.001854168833233416, 0.2444443255662918, 0.7537014484405518]
[0.0018610133556649089, 0.1444680392742157, 0.8536709547042847]
[0.003591740969568491, 0.8125863075256348, 0.18382194638252258]
[0.0029447730630636215, 0.8940719962120056, 0.10298322886228561]
[0.0006708241999149323, 0.9828627705574036, 0.016466408967971802]
[0.0023427982814610004, 0.1379147320985794, 0.8597424626350403]
[0.0005715038860216737, 0.9874005913734436, 0.012027922086417675]
[0.0008919635438360274, 0.9781674742698669, 0.020940588787198067]
[0.002547826385125518, 0.9331310987472534, 0.06432100385427475]
[0.0006957166478969157, 0.9823986887931824, 0.016905656084418297]
[0.0018190969713032246, 0.9429736733436584, 0.055207233875989914]
[0.000589150411542505, 0.9870672821998596, 0.01234355941414833]
[0.004076712764799595, 0.8599740266799927, 0.1359492689371109]
[0.0011476330691948533, 0.9609968662261963, 0.03785551339387894]
[0.0006676575285382569, 0.9843640923500061, 0.014968210831284523]
[0.001680574961937964, 0.9386690258979797, 0.05965040996670723]
[0.004191317595541477, 0.8281952738761902, 0.1676134318113327]
[0.002301204716786742, 0.9266704320907593, 0.07102832943201065]
[0.0006635149475187063, 0.9846049547195435, 0.014731508679687977]
[0.0007556697819381952, 0.9803816080093384, 0.018862714990973473]
[0.0048278933390975, 0.7964361310005188, 0.19873596727848053]
[0.002327130874618888, 0.15413857996463776, 0.8435342907905579]
[0.0006609976990148425, 0.9824855327606201, 0.01685340702533722]
[0.005534750409424305, 0.8049130439758301, 0.18955223262310028]
[0.00405360572040081, 0.5679221749305725, 0.4280242323875427]
[0.004788590595126152, 0.6805024743080139, 0.3147089183330536]
[0.0011400715447962284, 0.9654467105865479, 0.033413201570510864]
[0.000888728944119066, 0.9724195003509521, 0.02669171802699566]
[0.004693321418017149, 0.6848429441452026, 0.3104637563228607]
[0.0008826220291666687, 0.9659678936004639, 0.03314955160021782]
[0.003472863230854273, 0.8267599940299988, 0.1697670817375183]
[0.005415734369307756, 0.6253958940505981, 0.3691883981227875]
[0.0009812080534175038, 0.9726290106773376, 0.02638981118798256]
[0.0014557286631315947, 0.9454850554466248, 0.053059183061122894]
[0.0005848532309755683, 0.984427273273468, 0.014987842179834843]
[0.0007750869845040143, 0.9769932627677917, 0.022231576964259148]
[0.001577397109940648, 0.9295228123664856, 0.0688997283577919]
[0.0005715795559808612, 0.987375020980835, 0.012053326703608036]
[0.006168845575302839, 0.7817660570144653, 0.21206511557102203]
[0.0011036498472094536, 0.9592005610466003, 0.03969583287835121]
[0.0014383846428245306, 0.938644528388977, 0.05991703271865845]
[0.004647423513233662, 0.8540199995040894, 0.14133259654045105]
[0.004048308823257685, 0.3129730224609375, 0.682978630065918]
[0.004243111237883568, 0.8521636128425598, 0.14359331130981445]
[0.005930224899202585, 0.7342974543571472, 0.25977233052253723]
[0.004544535186141729, 0.8315027356147766, 0.16395269334316254]
[0.003746069734916091, 0.8403491973876953, 0.1559046506881714]
[0.0026129595935344696, 0.886181652545929, 0.11120536178350449]
[0.0030917623080313206, 0.8349797129631042, 0.16192853450775146]
[0.005557950120419264, 0.7178457975387573, 0.27659621834754944]
[0.0006583537324331701, 0.9871705174446106, 0.012171104550361633]
[0.0030264740344136953, 0.6799722909927368, 0.31700125336647034]
[0.002112405374646187, 0.9311067461967468, 0.06678080558776855]
[0.0027300079818814993, 0.9147753715515137, 0.08249465376138687]
[0.002824821276590228, 0.35494405031204224, 0.6422311067581177]
[0.0017114179208874702, 0.1531418412923813, 0.8451467752456665]
[0.0010754716349765658, 0.9769665598869324, 0.021958034485578537]
[0.0031122376676648855, 0.6767809391021729, 0.3201068043708801]
[0.003729780437424779, 0.8596853017807007, 0.13658495247364044]
[0.0006258461507968605, 0.9865126609802246, 0.012861549854278564]
[0.0040189409628510475, 0.8782261610031128, 0.11775489896535873]
[0.0028726004529744387, 0.8975571990013123, 0.09957023710012436]
[0.004186402540653944, 0.8112404346466064, 0.18457315862178802]
[0.0043607414700090885, 0.7530246376991272, 0.24261458218097687]
[0.0032528392039239407, 0.43869107961654663, 0.558056116104126]
[0.0031651926692575216, 0.1498005986213684, 0.8470341563224792]
[0.0019942016806453466, 0.07605709880590439, 0.9219486713409424]
[0.002648796420544386, 0.06833687424659729, 0.9290143251419067]
[0.0032866322435438633, 0.4802178740501404, 0.5164955854415894]
[0.005053750704973936, 0.721044659614563, 0.2739015817642212]
[0.004524128045886755, 0.7895232439041138, 0.20595258474349976]
[0.0034137899056077003, 0.07957114279270172, 0.9170150756835938]
[0.0025307766627520323, 0.5169371366500854, 0.48053210973739624]
[0.004957403521984816, 0.022463912144303322, 0.9725787043571472]
[0.0005417836946435273, 0.988214373588562, 0.011243837885558605]
[0.0042281062342226505, 0.8443903923034668, 0.15138153731822968]
[0.00563980033621192, 0.7504413723945618, 0.24391880631446838]
[0.004184350837022066, 0.03258437290787697, 0.9632313251495361]
[0.0036848182789981365, 0.822981059551239, 0.17333409190177917]
[0.006445777136832476, 0.6831058859825134, 0.3104483485221863]
[0.005818127188831568, 0.6760016679763794, 0.3181802034378052]
[0.0021358283702284098, 0.03267760947346687, 0.9651865363121033]
[0.0050537423230707645, 0.43222731351852417, 0.56271892786026]
[0.006522602867335081, 0.794001042842865, 0.19947637617588043]
[0.001371560851112008, 0.07101871073246002, 0.9276098012924194]
[0.004742834251374006, 0.6084677577018738, 0.3867894113063812]
[0.004091480281203985, 0.8140159249305725, 0.18189263343811035]
[0.002410684246569872, 0.9139378666877747, 0.08365141600370407]
[0.004086362663656473, 0.9011062383651733, 0.09480742365121841]
[0.0016053389990702271, 0.14523735642433167, 0.8531573414802551]
[0.005902063567191362, 0.7498359084129333, 0.2442619502544403]
[0.00601936923339963, 0.8153727054595947, 0.17860794067382812]
[0.005746552255004644, 0.6589677333831787, 0.33528566360473633]
[0.005935730412602425, 0.7885404229164124, 0.20552384853363037]
[0.001422172412276268, 0.9533175230026245, 0.04526033252477646]
[0.0016592956380918622, 0.9347520470619202, 0.0635886862874031]
[0.003163560526445508, 0.8728775978088379, 0.12395879626274109]
[0.0015517070423811674, 0.9463787078857422, 0.05206959322094917]
[0.003439316526055336, 0.8843680620193481, 0.11219260096549988]
[0.0015731111634522676, 0.9492939710617065, 0.04913290590047836]
[0.003246747422963381, 0.888432502746582, 0.10832076519727707]
[0.001572274137288332, 0.9452710747718811, 0.05315665528178215]
[0.00456797331571579, 0.7230020761489868, 0.2724299132823944]
[0.0018450977513566613, 0.9424533843994141, 0.05570152774453163]
[0.002091396600008011, 0.9263118505477905, 0.07159677892923355]
[0.0032206412870436907, 0.6799900531768799, 0.31678932905197144]
[0.0012240578653290868, 0.9570736289024353, 0.04170232638716698]
[0.0016581820091232657, 0.9387856125831604, 0.059556230902671814]
[0.0013712206855416298, 0.9469159245491028, 0.051712799817323685]
[0.0019098493503406644, 0.04601246863603592, 0.9520776867866516]
[0.0016750143840909004, 0.1350301206111908, 0.8632948994636536]
[0.0029167684260755777, 0.3012344539165497, 0.695848822593689]
[0.003599873511120677, 0.757426381111145, 0.23897378146648407]
[0.005731299985200167, 0.6510642766952515, 0.3432043790817261]
[0.0056928545236587524, 0.7458422780036926, 0.24846488237380981]
[0.0028014895506203175, 0.8859931826591492, 0.1112053245306015]
[0.004165059886872768, 0.6944108009338379, 0.301424115896225]
[0.004270764999091625, 0.5983842015266418, 0.39734506607055664]
[0.0033445358276367188, 0.5840811729431152, 0.41257429122924805]
[0.0040451716631650925, 0.5348995327949524, 0.46105530858039856]
[0.0018966406350955367, 0.09503823518753052, 0.9030651450157166]
[0.001495239557698369, 0.06174556910991669, 0.9367591738700867]
[0.006325256545096636, 0.011458460241556168, 0.9822162389755249]
[0.004642770625650883, 0.01042058877646923, 0.9849366545677185]
[0.0018801328260451555, 0.03764175623655319, 0.9604780673980713]
[0.0015949292574077845, 0.05656447261571884, 0.9418405890464783]
[0.002320140367373824, 0.04011279717087746, 0.957567036151886]
[0.003597982693463564, 0.26768994331359863, 0.7287120819091797]
[0.006944787688553333, 0.02547798864543438, 0.9675772190093994]
[0.010894264094531536, 0.01626700907945633, 0.972838819026947]
[0.04334300756454468, 0.010148080997169018, 0.9465089440345764]
[0.007546945940703154, 0.01458372175693512, 0.9778693318367004]
[0.020151661708950996, 0.010371387004852295, 0.9694768786430359]
[0.003506703767925501, 0.028344372287392616, 0.968148946762085]
[0.01988060399889946, 0.013751468621194363, 0.9663679003715515]
[0.0016717041144147515, 0.05482722446322441, 0.9435011148452759]
[0.002076338278129697, 0.14788846671581268, 0.8500351905822754]
[0.004708367399871349, 0.8369425535202026, 0.15834909677505493]
[0.001751034171320498, 0.9482292532920837, 0.05001964792609215]
[0.002686181338503957, 0.9181213974952698, 0.07919242233037949]
[0.003221632679924369, 0.4944743812084198, 0.5023040175437927]
[0.002577882492914796, 0.05664602294564247, 0.9407761096954346]
[0.004822000861167908, 0.7485260367393494, 0.24665193259716034]
[0.0037159512285143137, 0.8377736806869507, 0.15851029753684998]
[0.0033008886966854334, 0.529887318611145, 0.46681180596351624]
[0.0026455463375896215, 0.03830912709236145, 0.9590452909469604]
[0.0021867386531084776, 0.17872172594070435, 0.8190915584564209]
[0.009034616872668266, 0.012459557503461838, 0.9785057902336121]
[0.0021152934059500694, 0.020508402958512306, 0.9773763418197632]
[0.002762477146461606, 0.01728755421936512, 0.979949951171875]
[0.002834787592291832, 0.018226880580186844, 0.9789382219314575]
[0.00131434656213969, 0.9635055661201477, 0.03518011048436165]
[0.004596658516675234, 0.7675679922103882, 0.22783534228801727]
[0.003887675702571869, 0.8229895830154419, 0.17312276363372803]
[0.003920257091522217, 0.8480067849159241, 0.1480729579925537]
[0.0047819302417337894, 0.8585716485977173, 0.13664640486240387]
[0.003570569446310401, 0.8435413837432861, 0.15288805961608887]
[0.005599925760179758, 0.7714776396751404, 0.22292248904705048]
[0.004318216349929571, 0.688871443271637, 0.30681031942367554]
[0.0032465332187712193, 0.8942056894302368, 0.1025477796792984]
[0.0030275220051407814, 0.899195671081543, 0.09777684509754181]
[0.003756232326850295, 0.883156418800354, 0.11308734863996506]
[0.004159445874392986, 0.8307210803031921, 0.1651194989681244]
[0.005921198055148125, 0.7887793183326721, 0.20529954135417938]
[0.0051290844567120075, 0.6952528357505798, 0.29961806535720825]
[0.004195347428321838, 0.7999699115753174, 0.19583472609519958]
[0.0027226326055824757, 0.0500723272562027, 0.9472050666809082]
[0.004496331792324781, 0.6281278729438782, 0.36737582087516785]
[0.009078928269445896, 0.02649696171283722, 0.9644240736961365]
[0.0016102978261187673, 0.02022966928780079, 0.9781599640846252]
[0.002940596779808402, 0.4059600532054901, 0.5910992622375488]
[0.006859511602669954, 0.015193026512861252, 0.9779475331306458]
[0.02679571323096752, 0.011160225607454777, 0.9620441198348999]
[0.0019415796268731356, 0.04907463118433952, 0.9489837288856506]
[0.002106935018673539, 0.032429032027721405, 0.9654641151428223]
[0.001971546560525894, 0.0848252922296524, 0.913203239440918]
[0.002179596107453108, 0.027302797883749008, 0.970517635345459]
[0.0026789852418005466, 0.20108577609062195, 0.796235203742981]
[0.0014634680701419711, 0.029800571501255035, 0.968735933303833]
[0.010341430082917213, 0.01348145306110382, 0.9761770963668823]
[0.00623359065502882, 0.020519712939858437, 0.9732465744018555]
[0.002381996950134635, 0.030301397666335106, 0.9673165678977966]
[0.004577058833092451, 0.01934684067964554, 0.9760761260986328]
[0.003461384680122137, 0.018438054248690605, 0.9781005382537842]
[0.0031825394835323095, 0.04666716605424881, 0.9501503109931946]
[0.0019192127510905266, 0.031166687607765198, 0.966914176940918]
[0.003300486598163843, 0.08308343589305878, 0.9136161804199219]
[0.0022133784368634224, 0.18769513070583344, 0.8100914359092712]
[0.0032629072666168213, 0.17619451880455017, 0.8205425143241882]
[0.0030751919839531183, 0.1199679896235466, 0.8769568800926208]
[0.0095832459628582, 0.02123061753809452, 0.9691860675811768]
[0.005765056703239679, 0.02706834115087986, 0.967166543006897]
[0.002260428387671709, 0.12578660249710083, 0.871953010559082]
[0.005567592568695545, 0.013211951591074467, 0.9812204837799072]
[0.0027746218256652355, 0.019237715750932693, 0.9779876470565796]
[0.002711135195568204, 0.04083266854286194, 0.9564562439918518]
[0.004251707810908556, 0.12638172507286072, 0.8693665862083435]
[0.0030726545955985785, 0.03863604739308357, 0.9582912921905518]
[0.0022784241009503603, 0.16662782430648804, 0.8310937881469727]
[0.0012249168939888477, 0.9665788412094116, 0.03219630941748619]
[0.0019549247808754444, 0.942797839641571, 0.055247172713279724]
[0.002119413809850812, 0.9376922249794006, 0.06018831580877304]
[0.003985561430454254, 0.017535876482725143, 0.9784785509109497]
[0.004766421392560005, 0.015718860551714897, 0.9795147180557251]
[0.0024166980292648077, 0.034213509410619736, 0.9633697867393494]
[0.0051190913654863834, 0.7660549879074097, 0.2288259118795395]
[0.0037643301766365767, 0.8126364350318909, 0.18359924852848053]
[0.002079412341117859, 0.042290832847356796, 0.9556297659873962]
[0.0024308557622134686, 0.024638574570417404, 0.9729305505752563]
[0.004067411180585623, 0.038916055113077164, 0.9570165276527405]
[0.028468074277043343, 0.022085756063461304, 0.9494462013244629]
[0.0245598703622818, 0.013569580391049385, 0.9618706107139587]
[0.004190331324934959, 0.8136544227600098, 0.18215525150299072]
[0.002303742105141282, 0.17233392596244812, 0.8253623247146606]
[0.0018600942566990852, 0.17152230441570282, 0.8266175985336304]
[0.0027422746643424034, 0.12371603399515152, 0.8735417127609253]
[0.0017778979381546378, 0.04231083393096924, 0.9559112787246704]
[0.0045357984490692616, 0.6152834296226501, 0.3801807761192322]
[0.002748645143583417, 0.34417080879211426, 0.6530805826187134]
[0.003201482119038701, 0.8060439825057983, 0.1907544881105423]
[0.00404166616499424, 0.8045283555984497, 0.1914299875497818]
[0.0028738118708133698, 0.8854556083679199, 0.1116706132888794]
[0.0036419376265257597, 0.8803870677947998, 0.11597102135419846]
[0.004413725342601538, 0.8474332690238953, 0.14815300703048706]
[0.0022630561143159866, 0.9122570753097534, 0.08547990024089813]
[0.003042156808078289, 0.8731021285057068, 0.12385571002960205]
[0.002215231768786907, 0.05411340668797493, 0.9436713457107544]
[0.004553345963358879, 0.8544594645500183, 0.14098720252513885]
[0.004472604487091303, 0.5584632754325867, 0.43706411123275757]
[0.004388327710330486, 0.8182892799377441, 0.1773224025964737]
[0.0032279447186738253, 0.6600581407546997, 0.33671385049819946]
[0.0048532625660300255, 0.018700161948800087, 0.9764466285705566]
[0.004768365528434515, 0.013128314167261124, 0.9821033477783203]
[0.003729164134711027, 0.018897024914622307, 0.9773738384246826]
[0.005551550537347794, 0.44619205594062805, 0.5482563376426697]
[0.004368058405816555, 0.7087594866752625, 0.28687241673469543]
[0.009894325397908688, 0.01313147321343422, 0.9769741892814636]
[0.011564056389033794, 0.01638910174369812, 0.9720468521118164]
[0.005328552331775427, 0.01459310669451952, 0.9800783395767212]
[0.32954129576683044, 0.011267624795436859, 0.6591910719871521]
[0.06736487150192261, 0.011023775674402714, 0.9216113686561584]
[0.015371165238320827, 0.016605062410235405, 0.9680237174034119]
[0.0024739038199186325, 0.012502672150731087, 0.9850233793258667]
[0.008259608410298824, 0.0158848837018013, 0.9758554697036743]
[0.003306638216599822, 0.014964388683438301, 0.9817289710044861]
[0.006818562280386686, 0.009369575418531895, 0.9838119149208069]
[0.0017566337483003736, 0.13567985594272614, 0.86256343126297]
[0.0030719407368451357, 0.5149847269058228, 0.4819433391094208]
[0.000839490327052772, 0.9774597883224487, 0.02170066349208355]
[0.0013095960021018982, 0.9590160250663757, 0.03967436030507088]
[0.002234739251434803, 0.02497110329568386, 0.9727941155433655]
[0.7498469352722168, 0.009117540903389454, 0.24103553593158722]
[0.6356197595596313, 0.011462834663689137, 0.3529174327850342]
[0.0018780624959617853, 0.9141610860824585, 0.08396083116531372]
[0.0015924774343147874, 0.9443934559822083, 0.054014015942811966]
[0.004749958403408527, 0.8176038265228271, 0.17764617502689362]
[0.004679137375205755, 0.04191676527261734, 0.9534041285514832]
[0.003322687465697527, 0.8693408370018005, 0.12733647227287292]
[0.0033193249255418777, 0.7540270090103149, 0.24265359342098236]
[0.001160861924290657, 0.9550371766090393, 0.043802015483379364]
[0.7005622982978821, 0.01232847385108471, 0.28710928559303284]
