[0.055269621312618256]
[0.9152560234069824]
[0.9419860243797302]
[0.229111447930336]
[0.9480864405632019]
[0.9421553015708923]
[0.9460281133651733]
[0.9496846199035645]
[0.9511760473251343]
[0.9467681050300598]
[0.951166033744812]
[0.9501344561576843]
[0.9442641735076904]
[0.9505943059921265]
[0.9523281455039978]
[0.8819472789764404]
[0.8268616199493408]
[0.9157395362854004]
[0.32938095927238464]
[0.05448572337627411]
[0.05420134589076042]
[0.0720154196023941]
[0.9316262006759644]
[0.9404634833335876]
[0.8639397621154785]
[0.9491020441055298]
[0.9468567371368408]
[0.945385754108429]
[0.9428895115852356]
[0.9191105365753174]
[0.9062595963478088]
[0.9442799091339111]
[0.6021232008934021]
[0.9346848726272583]
[0.9441266655921936]
[0.9434830546379089]
[0.9352602362632751]
[0.9347836375236511]
[0.9472201466560364]
[0.9455373883247375]
[0.9380466938018799]
[0.946938693523407]
[0.9396924376487732]
[0.94362473487854]
[0.9406797885894775]
[0.947778046131134]
[0.9397123456001282]
[0.8362095355987549]
[0.06265956163406372]
[0.767267644405365]
[0.8410581350326538]
[0.9452368021011353]
[0.7769840955734253]
[0.09384547919034958]
[0.09390071034431458]
[0.06810173392295837]
[0.05646044388413429]
[0.8848852515220642]
[0.3698751628398895]
[0.05761478841304779]
[0.057351551949977875]
[0.2924202084541321]
[0.8760430216789246]
[0.054551463574171066]
[0.15417416393756866]
[0.9135383367538452]
[0.8959433436393738]
[0.9516746997833252]
[0.873091459274292]
[0.9483827948570251]
[0.9437211751937866]
[0.17114050686359406]
[0.11512576788663864]
[0.9422793388366699]
[0.5180843472480774]
[0.07259584218263626]
[0.6599244475364685]
[0.9430441856384277]
[0.9460097551345825]
[0.15659938752651215]
[0.9407886862754822]
[0.9445130825042725]
[0.9458415508270264]
[0.94503253698349]
[0.9445227384567261]
[0.9446818828582764]
[0.9484509825706482]
[0.946526825428009]
[0.9468516707420349]
[0.9475540518760681]
[0.9465320110321045]
[0.18621842563152313]
[0.9268838167190552]
[0.07218172401189804]
[0.07409556210041046]
[0.9499549865722656]
[0.9499403834342957]
[0.9477849006652832]
[0.9467551708221436]
[0.9462653398513794]
[0.9466321468353271]
[0.949310302734375]
[0.28554221987724304]
[0.9455640316009521]
[0.09506308287382126]
[0.07255431264638901]
[0.06638100743293762]
[0.8932920098304749]
[0.36743274331092834]
[0.18634618818759918]
[0.2317327857017517]
[0.0793650895357132]
[0.9523190259933472]
[0.9494204521179199]
[0.9490358829498291]
[0.1256651133298874]
[0.9362643361091614]
[0.18875139951705933]
[0.2984682023525238]
[0.09949971735477448]
[0.060232289135456085]
[0.05799177661538124]
[0.05909693241119385]
[0.05974303185939789]
[0.06400802731513977]
[0.05694342404603958]
[0.13604404032230377]
[0.056813791394233704]
[0.06034618243575096]
[0.09715330600738525]
[0.05687735602259636]
[0.0617535337805748]
[0.059707000851631165]
[0.06342232972383499]
[0.05864532291889191]
[0.05585063248872757]
[0.05863317474722862]
[0.060022417455911636]
[0.057714711874723434]
[0.05769273638725281]
[0.9440468549728394]
[0.0598137192428112]
[0.05948670580983162]
[0.05706870183348656]
[0.05740644410252571]
[0.058381687849760056]
[0.057560596615076065]
[0.05667712539434433]
[0.06972396373748779]
[0.05655025690793991]
[0.057246580719947815]
[0.062354858964681625]
[0.08052797615528107]
[0.061858948320150375]
[0.06068738177418709]
[0.9484573006629944]
[0.9488586783409119]
[0.9474064707756042]
[0.9495117664337158]
[0.9514482617378235]
[0.9492177963256836]
[0.9473525881767273]
[0.9489396810531616]
[0.9479938745498657]
[0.9367918968200684]
[0.9440085291862488]
[0.9408680200576782]
[0.8409488797187805]
[0.8854266405105591]
[0.9388561248779297]
[0.924256443977356]
[0.949456512928009]
[0.8709298372268677]
[0.9455575346946716]
[0.9414518475532532]
[0.94844651222229]
[0.9318752884864807]
[0.9450621604919434]
[0.9436343908309937]
[0.06172696873545647]
[0.054867878556251526]
[0.05327434465289116]
[0.9350022077560425]
[0.8781635165214539]
[0.25191760063171387]
[0.9441357254981995]
[0.22626416385173798]
[0.6014251708984375]
[0.05258311703801155]
[0.05371049419045448]
[0.3286907970905304]
[0.9478642344474792]
[0.9490463137626648]
[0.9476174116134644]
[0.9487414956092834]
[0.9452100992202759]
[0.9501113295555115]
[0.9496232271194458]
[0.9522018432617188]
[0.05004080757498741]
[0.8920712471008301]
[0.9304493069648743]
[0.4581872820854187]
[0.699256956577301]
[0.8313418030738831]
[0.9385719895362854]
[0.9485341906547546]
[0.9461581707000732]
[0.9488893747329712]
[0.9478490352630615]
[0.8406124114990234]
[0.09920524060726166]
[0.39000794291496277]
[0.1202821359038353]
[0.05260072648525238]
[0.05387159064412117]
[0.8714786767959595]
[0.808959424495697]
[0.43768739700317383]
[0.05146404355764389]
[0.7949234843254089]
[0.12182112038135529]
[0.7656025290489197]
[0.8868167400360107]
[0.8968004584312439]
[0.9320059418678284]
[0.9421021938323975]
[0.94437175989151]
[0.9431660175323486]
[0.9340202808380127]
[0.9347061514854431]
[0.941063404083252]
[0.9391646385192871]
[0.9037269949913025]
[0.897928774356842]
[0.9404593706130981]
[0.9423344731330872]
[0.9313304424285889]
[0.9118104577064514]
[0.726163923740387]
[0.9217937588691711]
[0.9307321906089783]
[0.9458370804786682]
[0.8458197712898254]
[0.8924455642700195]
[0.9418271780014038]
[0.9404096007347107]
[0.10571280866861343]
[0.5532982349395752]
[0.5718280673027039]
[0.7306804656982422]
[0.9133630990982056]
[0.8455535173416138]
[0.9426233768463135]
[0.9464322924613953]
[0.9435046911239624]
[0.4529421329498291]
[0.947697103023529]
[0.9172505140304565]
[0.9425551295280457]
[0.9171300530433655]
[0.9379252195358276]
[0.9471666812896729]
[0.9270631670951843]
[0.9262778162956238]
[0.9489315748214722]
[0.947547197341919]
[0.9367161393165588]
[0.9406622648239136]
[0.9437808394432068]
[0.9256699681282043]
[0.5769862532615662]
[0.8619498610496521]
[0.9450295567512512]
[0.9486426711082458]
[0.9095189571380615]
[0.9474248886108398]
[0.9379097819328308]
[0.9421997666358948]
[0.9414488673210144]
[0.9369093179702759]
[0.9432536959648132]
[0.718108594417572]
[0.9433979988098145]
[0.9517415165901184]
[0.9376511573791504]
[0.9298152327537537]
[0.9464408159255981]
[0.9459484219551086]
[0.9382384419441223]
[0.9401676058769226]
[0.936151385307312]
[0.8974209427833557]
[0.9283770322799683]
[0.9418995976448059]
[0.9415714740753174]
[0.9260666370391846]
[0.9412515759468079]
[0.9216087460517883]
[0.9401345252990723]
[0.9266223907470703]
[0.9178149104118347]
[0.6751617193222046]
[0.9377428889274597]
[0.9415955543518066]
[0.36425819993019104]
[0.18260826170444489]
[0.8807748556137085]
[0.9158930778503418]
[0.9225871562957764]
[0.9218903183937073]
[0.8370931148529053]
[0.8994752764701843]
[0.9079851508140564]
[0.8887500762939453]
[0.9104055762290955]
[0.08272677659988403]
[0.05884990841150284]
[0.17687104642391205]
[0.1368504911661148]
[0.932191014289856]
[0.8690473437309265]
[0.548375129699707]
[0.8115222454071045]
[0.9249793291091919]
[0.93526691198349]
[0.9174138307571411]
[0.909944474697113]
[0.9022676348686218]
[0.9337804317474365]
[0.8208049535751343]
[0.6470918655395508]
[0.4265992343425751]
[0.362446129322052]
[0.22469252347946167]
[0.15541686117649078]
[0.7712536454200745]
[0.6535325050354004]
[0.9396219253540039]
[0.7856482267379761]
[0.9385742545127869]
[0.5471749901771545]
[0.9074602723121643]
[0.9250709414482117]
[0.9109721779823303]
[0.943138837814331]
[0.9402735233306885]
[0.9405690431594849]
[0.9509602785110474]
[0.9393549561500549]
[0.9426400065422058]
[0.9447428584098816]
[0.9488778710365295]
[0.9396663308143616]
[0.9507223963737488]
[0.9356853365898132]
[0.9419992566108704]
[0.9499123096466064]
[0.950370728969574]
[0.9518386125564575]
[0.8659947514533997]
[0.7748591303825378]
[0.5595759749412537]
[0.9460713863372803]
[0.9279837012290955]
[0.5930427312850952]
[0.9396395087242126]
[0.7557187676429749]
[0.941571056842804]
[0.8106979727745056]
[0.8545539975166321]
[0.8934382796287537]
[0.8031356334686279]
[0.06321099400520325]
[0.05967429652810097]
[0.1694910228252411]
[0.8434040546417236]
[0.6595849394798279]
[0.4901607930660248]
[0.06992608308792114]
[0.05301442742347717]
[0.05066080018877983]
[0.05831152945756912]
[0.050621479749679565]
[0.05145248770713806]
[0.05622469261288643]
[0.7550330758094788]
[0.11348306387662888]
[0.6639435291290283]
[0.9346469640731812]
[0.9013829827308655]
[0.1467168629169464]
[0.13399411737918854]
[0.8917142152786255]
[0.9385040402412415]
[0.511279284954071]
[0.054912179708480835]
[0.06602319329977036]
[0.05247291922569275]
[0.052295077592134476]
[0.04972493648529053]
[0.05029437318444252]
[0.9453455805778503]
[0.847204327583313]
[0.915623664855957]
[0.8476858735084534]
[0.9417994022369385]
[0.9460081458091736]
[0.8569052815437317]
[0.33092501759529114]
[0.9302353262901306]
[0.9419817924499512]
[0.9207079410552979]
[0.9471580982208252]
[0.05305030196905136]
[0.19882622361183167]
[0.7139354944229126]
[0.06184332072734833]
[0.7991667985916138]
[0.8159332275390625]
[0.05592719092965126]
[0.7683387994766235]
[0.052439428865909576]
[0.04901903495192528]
[0.05681649222970009]
[0.8686429858207703]
[0.4215232729911804]
[0.0669897049665451]
[0.7172681093215942]
[0.12146304547786713]
[0.051879990845918655]
[0.04968095198273659]
[0.19320137798786163]
[0.0515795461833477]
[0.3593769371509552]
[0.08642962574958801]
[0.2499721646308899]
[0.10239993035793304]
[0.1688053458929062]
[0.0683305561542511]
[0.4319850206375122]
[0.05185467377305031]
[0.383507639169693]
[0.0699806734919548]
[0.07854786515235901]
[0.057903219014406204]
[0.8769618272781372]
[0.8993576169013977]
[0.05347120016813278]
[0.061626896262168884]
[0.9446709156036377]
[0.9307804107666016]
[0.9333639740943909]
[0.051157720386981964]
[0.06149010360240936]
[0.09189409017562866]
[0.9009332060813904]
[0.9326013922691345]
[0.2186966836452484]
[0.0595940537750721]
[0.7802718877792358]
[0.05450635775923729]
[0.05117976292967796]
[0.06424804776906967]
[0.06201484426856041]
[0.8941293358802795]
[0.891512930393219]
[0.068159319460392]
[0.9268734455108643]
[0.8291524052619934]
[0.9292849898338318]
[0.8937406539916992]
[0.9473206996917725]
[0.9209125638008118]
[0.6245836615562439]
[0.9473755359649658]
[0.9430046081542969]
[0.10332783311605453]
[0.9369630813598633]
[0.9086369276046753]
[0.9484276175498962]
[0.08174849301576614]
[0.055345017462968826]
[0.05620680749416351]
[0.06237750127911568]
[0.25145822763442993]
[0.9198896288871765]
[0.05155577510595322]
[0.05097275972366333]
[0.061928194016218185]
[0.050164591521024704]
[0.054037485271692276]
[0.0701315850019455]
[0.0567404180765152]
[0.06001871079206467]
[0.051921188831329346]
[0.05303361266851425]
[0.8834604620933533]
[0.38141492009162903]
[0.932424783706665]
[0.9318609833717346]
[0.06349166482686996]
[0.06626053899526596]
[0.10086589306592941]
[0.9485966563224792]
[0.9503839612007141]
[0.9555119872093201]
[0.8888552784919739]
[0.951167106628418]
[0.9501237869262695]
[0.9524479508399963]
[0.08759767562150955]
