[0.06335484236478806]
[0.19637809693813324]
[0.7980672717094421]
[0.23506727814674377]
[0.9564740061759949]
[0.2537577152252197]
[0.9482228755950928]
[0.9552309513092041]
[0.9392359256744385]
[0.9555354118347168]
[0.9504410624504089]
[0.9493849873542786]
[0.9524856805801392]
[0.9505059719085693]
[0.9530841112136841]
[0.883989155292511]
[0.9358802437782288]
[0.8746894001960754]
[0.07683128863573074]
[0.05500251054763794]
[0.0575597807765007]
[0.05783531442284584]
[0.7646412253379822]
[0.8797975182533264]
[0.24065661430358887]
[0.9375643134117126]
[0.9325788021087646]
[0.9225215315818787]
[0.33975693583488464]
[0.8979613780975342]
[0.5810313820838928]
[0.9522059559822083]
[0.21838650107383728]
[0.7025238275527954]
[0.9525336027145386]
[0.9548454880714417]
[0.734266459941864]
[0.8697109222412109]
[0.7306084632873535]
[0.9345622062683105]
[0.8971982598304749]
[0.9062786102294922]
[0.7993330359458923]
[0.9297022819519043]
[0.9335722923278809]
[0.9115262031555176]
[0.6702675819396973]
[0.7831358909606934]
[0.05664445087313652]
[0.06044607609510422]
[0.08689433336257935]
[0.8688837885856628]
[0.4286157190799713]
[0.06400717049837112]
[0.05576314032077789]
[0.06033005937933922]
[0.06354938447475433]
[0.07298476994037628]
[0.0948520228266716]
[0.056786272674798965]
[0.05565840005874634]
[0.10266758501529694]
[0.06343623995780945]
[0.060819536447525024]
[0.06760182231664658]
[0.06864083558320999]
[0.9145928621292114]
[0.9603205919265747]
[0.8800286054611206]
[0.9071360230445862]
[0.06669078767299652]
[0.42614036798477173]
[0.16467484831809998]
[0.9316132664680481]
[0.8436671495437622]
[0.06284037977457047]
[0.3506319224834442]
[0.9509804248809814]
[0.9422580599784851]
[0.5274124145507812]
[0.9465466737747192]
[0.9495999217033386]
[0.9477986693382263]
[0.9443749785423279]
[0.9525941610336304]
[0.9521144032478333]
[0.950616180896759]
[0.951469361782074]
[0.9518406987190247]
[0.9496789574623108]
[0.9439042210578918]
[0.5624590516090393]
[0.926919162273407]
[0.06316735595464706]
[0.060735512524843216]
[0.9305602312088013]
[0.94713294506073]
[0.9432309865951538]
[0.9480069279670715]
[0.9504296183586121]
[0.9515526294708252]
[0.9507024884223938]
[0.9273821115493774]
[0.7839542031288147]
[0.07946686446666718]
[0.10069839656352997]
[0.06512509286403656]
[0.1392684280872345]
[0.07500553131103516]
[0.1479424238204956]
[0.22347314655780792]
[0.12359429895877838]
[0.8451744318008423]
[0.9427917003631592]
[0.9338304400444031]
[0.2281056046485901]
[0.9117299914360046]
[0.174929678440094]
[0.4048668444156647]
[0.18239635229110718]
[0.13458259403705597]
[0.11401239782571793]
[0.26621025800704956]
[0.10935545712709427]
[0.14222417771816254]
[0.09503894299268723]
[0.8478065133094788]
[0.1040559634566307]
[0.08521310985088348]
[0.12215054035186768]
[0.18054290115833282]
[0.12236905097961426]
[0.137022465467453]
[0.10278918594121933]
[0.10331744700670242]
[0.10538476705551147]
[0.13048987090587616]
[0.13422198593616486]
[0.10419634729623795]
[0.08696017414331436]
[0.9349592924118042]
[0.1100035235285759]
[0.11271289736032486]
[0.10491631180047989]
[0.11134134232997894]
[0.12249140441417694]
[0.1062999740242958]
[0.10545513778924942]
[0.1972534954547882]
[0.19254790246486664]
[0.09743168950080872]
[0.11259671300649643]
[0.13970953226089478]
[0.15896713733673096]
[0.13770343363285065]
[0.9575438499450684]
[0.9625078439712524]
[0.9561251401901245]
[0.9604393839836121]
[0.9556992650032043]
[0.9525782465934753]
[0.958101749420166]
[0.9582659006118774]
[0.9512767791748047]
[0.9044914245605469]
[0.9521155953407288]
[0.9346965551376343]
[0.46808043122291565]
[0.17891986668109894]
[0.9058010578155518]
[0.6934671998023987]
[0.953824520111084]
[0.764742374420166]
[0.9455990791320801]
[0.9406892657279968]
[0.9468463659286499]
[0.9143690466880798]
[0.9403165578842163]
[0.9411985278129578]
[0.06901205331087112]
[0.05608817934989929]
[0.05910677835345268]
[0.6869670152664185]
[0.11782374978065491]
[0.06550882011651993]
[0.9349633455276489]
[0.7806515693664551]
[0.1009206473827362]
[0.05877380818128586]
[0.05877736210823059]
[0.13852766156196594]
[0.9526646733283997]
[0.9562228322029114]
[0.9511188864707947]
[0.954477846622467]
[0.895465612411499]
[0.9577370285987854]
[0.9491923451423645]
[0.9485518336296082]
[0.05305143818259239]
[0.7899190783500671]
[0.9252080917358398]
[0.055498577654361725]
[0.05637197569012642]
[0.17206525802612305]
[0.8910117149353027]
[0.9356076121330261]
[0.9351339340209961]
[0.9405949115753174]
[0.9461352229118347]
[0.0904257744550705]
[0.05438433587551117]
[0.09144780039787292]
[0.08305501192808151]
[0.050429023802280426]
[0.05302787199616432]
[0.7970904111862183]
[0.9302525520324707]
[0.7840079665184021]
[0.10894809663295746]
[0.5380173921585083]
[0.3071179687976837]
[0.9467011094093323]
[0.9504165053367615]
[0.9464820623397827]
[0.9528539776802063]
[0.9553220868110657]
[0.9540411233901978]
[0.9551919102668762]
[0.952575147151947]
[0.9469084739685059]
[0.942723274230957]
[0.9523712396621704]
[0.9418793320655823]
[0.943162739276886]
[0.956516444683075]
[0.9484041333198547]
[0.9086243510246277]
[0.9518540501594543]
[0.943214476108551]
[0.9582239985466003]
[0.954203188419342]
[0.9508876204490662]
[0.9374303817749023]
[0.9398872256278992]
[0.14375711977481842]
[0.9501945376396179]
[0.1538602113723755]
[0.24713698029518127]
[0.9322367906570435]
[0.11386119574308395]
[0.3535352945327759]
[0.18408921360969543]
[0.8995605111122131]
[0.7824410200119019]
[0.9180970788002014]
[0.19245904684066772]
[0.9023491144180298]
[0.908365786075592]
[0.6554149985313416]
[0.4334903657436371]
[0.8554148077964783]
[0.9396248459815979]
[0.8339035511016846]
[0.7041239738464355]
[0.9219032526016235]
[0.9342312216758728]
[0.8875491619110107]
[0.6977420449256897]
[0.933891236782074]
[0.8070102334022522]
[0.10742755979299545]
[0.49004146456718445]
[0.9382435083389282]
[0.9413880109786987]
[0.880887508392334]
[0.4236886501312256]
[0.8993453979492188]
[0.9475104212760925]
[0.9391403198242188]
[0.9370900392532349]
[0.5328488349914551]
[0.4358958303928375]
[0.8970713019371033]
[0.9097440242767334]
[0.8848811984062195]
[0.8678210377693176]
[0.8264985084533691]
[0.9250259399414062]
[0.9474473595619202]
[0.8619256019592285]
[0.9227337837219238]
[0.8195711970329285]
[0.9446095824241638]
[0.12260031700134277]
[0.837569534778595]
[0.7664723992347717]
[0.8643113970756531]
[0.9197007417678833]
[0.9294719696044922]
[0.8192880749702454]
[0.9226212501525879]
[0.0658981055021286]
[0.5278759598731995]
[0.14882135391235352]
[0.05621981993317604]
[0.060465555638074875]
[0.525016188621521]
[0.13260705769062042]
[0.0814618244767189]
[0.9449371695518494]
[0.07564931362867355]
[0.10894940048456192]
[0.6088292598724365]
[0.056823015213012695]
[0.2543661296367645]
[0.054177138954401016]
[0.05269889160990715]
[0.10949350893497467]
[0.05292342230677605]
[0.10483385622501373]
[0.19339138269424438]
[0.06860478222370148]
[0.07505722343921661]
[0.18414701521396637]
[0.9478150010108948]
[0.7041990160942078]
[0.24900317192077637]
[0.055323220789432526]
[0.08942873775959015]
[0.062295202165842056]
[0.05937327817082405]
[0.0697212666273117]
[0.09592526406049728]
[0.0918504148721695]
[0.07856845110654831]
[0.20629678666591644]
[0.10694346576929092]
[0.9431701302528381]
[0.06567513942718506]
[0.9113406538963318]
[0.790742039680481]
[0.8994575142860413]
[0.4922116696834564]
[0.9231072664260864]
[0.9482218027114868]
[0.9377648830413818]
[0.9399651288986206]
[0.9440358281135559]
[0.9440906643867493]
[0.942069411277771]
[0.9475099444389343]
[0.9468625783920288]
[0.9386214017868042]
[0.9464008212089539]
[0.930728554725647]
[0.9339826107025146]
[0.9478358626365662]
[0.9529507160186768]
[0.9548431038856506]
[0.19563303887844086]
[0.17406617105007172]
[0.6577011346817017]
[0.9378695487976074]
[0.9291675090789795]
[0.8584754467010498]
[0.9311219453811646]
[0.9176799654960632]
[0.9426941275596619]
[0.898828387260437]
[0.28349608182907104]
[0.3627309501171112]
[0.3117709755897522]
[0.07943275570869446]
[0.10655041038990021]
[0.06875576078891754]
[0.21483413875102997]
[0.5689538717269897]
[0.713008463382721]
[0.08363858610391617]
[0.07697714865207672]
[0.06275054067373276]
[0.09874926507472992]
[0.06434127688407898]
[0.06597276777029037]
[0.11982805281877518]
[0.13574185967445374]
[0.15425284206867218]
[0.760218620300293]
[0.9261152148246765]
[0.9281467795372009]
[0.07493577152490616]
[0.14070121943950653]
[0.8488259315490723]
[0.7566931843757629]
[0.8490939736366272]
[0.06295476853847504]
[0.9211587905883789]
[0.06556272506713867]
[0.06450315564870834]
[0.06472031772136688]
[0.0654141753911972]
[0.9473010897636414]
[0.9196313619613647]
[0.9284773468971252]
[0.9098999500274658]
[0.9188609719276428]
[0.931563675403595]
[0.6153447031974792]
[0.16975091397762299]
[0.9270033240318298]
[0.8952770233154297]
[0.6055100560188293]
[0.9417159557342529]
[0.06611306220293045]
[0.29937097430229187]
[0.11211682856082916]
[0.07468552142381668]
[0.881034791469574]
[0.4218496084213257]
[0.07112360000610352]
[0.9136003255844116]
[0.07121697068214417]
[0.06893281638622284]
[0.08518125116825104]
[0.7750248908996582]
[0.40649983286857605]
[0.0939602255821228]
[0.23415519297122955]
[0.07272922247648239]
[0.07155239582061768]
[0.06736359745264053]
[0.0663757473230362]
[0.06785663962364197]
[0.26343557238578796]
[0.07701852172613144]
[0.0890749990940094]
[0.0654636025428772]
[0.06656470149755478]
[0.0800870731472969]
[0.5799182653427124]
[0.06599316000938416]
[0.26134827733039856]
[0.12886734306812286]
[0.0754033625125885]
[0.06607993692159653]
[0.830610990524292]
[0.8979945778846741]
[0.06827685981988907]
[0.06751184165477753]
[0.946412980556488]
[0.9236220717430115]
[0.9131869077682495]
[0.0771040990948677]
[0.06381307542324066]
[0.15277275443077087]
[0.7392056584358215]
[0.9307079911231995]
[0.3800659775733948]
[0.42633354663848877]
[0.5426953434944153]
[0.1235508993268013]
[0.07128167897462845]
[0.09672573208808899]
[0.28985151648521423]
[0.5152973532676697]
[0.858790397644043]
[0.28312626481056213]
[0.1297929435968399]
[0.7855887413024902]
[0.6489427089691162]
[0.8092330098152161]
[0.9532549977302551]
[0.935721218585968]
[0.16122664511203766]
[0.9344156384468079]
[0.8808600306510925]
[0.8933108448982239]
[0.9495624899864197]
[0.9212996959686279]
[0.9426655173301697]
[0.10058022290468216]
[0.06627711653709412]
[0.06382327526807785]
[0.07721865177154541]
[0.08727231621742249]
[0.6670675873756409]
[0.07943759113550186]
[0.10707870870828629]
[0.08077404648065567]
[0.08514025807380676]
[0.07794483751058578]
[0.07222267985343933]
[0.07157403975725174]
[0.08262528479099274]
[0.12731295824050903]
[0.07745685428380966]
[0.2190113514661789]
[0.11325360834598541]
[0.8739233016967773]
[0.9001424312591553]
[0.07788348197937012]
[0.09894494712352753]
[0.09364485740661621]
[0.9399465918540955]
[0.933271586894989]
[0.9322318434715271]
[0.9056835770606995]
[0.9363188743591309]
[0.9325442910194397]
[0.9323617815971375]
[0.11388479173183441]
