[0.0017109749605879188]
[0.004727756604552269]
[0.9442272186279297]
[0.008586342446506023]
[0.9949342608451843]
[0.047108884900808334]
[0.9978723526000977]
[0.9983788728713989]
[0.9981746673583984]
[0.9981484413146973]
[0.998399555683136]
[0.9978197813034058]
[0.9978041052818298]
[0.9988441467285156]
[0.9978728294372559]
[0.9931964874267578]
[0.9174994230270386]
[0.8702089190483093]
[0.011919093318283558]
[0.001950289006344974]
[0.0015353719936683774]
[0.0014855483314022422]
[0.9892300963401794]
[0.9985496401786804]
[0.7716073393821716]
[0.9986067414283752]
[0.9985169768333435]
[0.9981491565704346]
[0.9972518086433411]
[0.9955580830574036]
[0.9972410202026367]
[0.9981586337089539]
[0.24202975630760193]
[0.9972956776618958]
[0.9984605312347412]
[0.9979573488235474]
[0.9966447353363037]
[0.9962292313575745]
[0.9981622099876404]
[0.9983727931976318]
[0.9973918199539185]
[0.998286783695221]
[0.9980820417404175]
[0.9981333613395691]
[0.9982989430427551]
[0.998511016368866]
[0.998116135597229]
[0.9979227185249329]
[0.0018324709963053465]
[0.002072070725262165]
[0.0016009971732273698]
[0.9977372884750366]
[0.19695329666137695]
[0.013461466878652573]
[0.001683178823441267]
[0.001975626451894641]
[0.0018201536731794477]
[0.012118582613766193]
[0.003061586758121848]
[0.0018285205587744713]
[0.0016151597956195474]
[0.004316614009439945]
[0.011372464708983898]
[0.0013851216062903404]
[0.0034016973804682493]
[0.0016463748179376125]
[0.9985929131507874]
[0.9987956285476685]
[0.006157816853374243]
[0.9985111355781555]
[0.0029180285055190325]
[0.002704223385080695]
[0.002000090666115284]
[0.997710108757019]
[0.006756944116204977]
[0.0015501213492825627]
[0.0036890897899866104]
[0.9982666969299316]
[0.9977783560752869]
[0.003255988471210003]
[0.9986727237701416]
[0.99872225522995]
[0.9988610744476318]
[0.9988641738891602]
[0.998723566532135]
[0.9987908005714417]
[0.9988542795181274]
[0.9980721473693848]
[0.9988045692443848]
[0.998971700668335]
[0.9988515377044678]
[0.0022929725237190723]
[0.006523555610328913]
[0.0020345314405858517]
[0.0016996095655485988]
[0.9982195496559143]
[0.9983956217765808]
[0.9986873269081116]
[0.9983820915222168]
[0.9988219141960144]
[0.9985488057136536]
[0.9984423518180847]
[0.9865233302116394]
[0.11318448930978775]
[0.0021744666155427694]
[0.0017239543376490474]
[0.0017513777129352093]
[0.9900982975959778]
[0.0026477717328816652]
[0.005105032119899988]
[0.032280631363391876]
[0.002585833426564932]
[0.9983212351799011]
[0.998110294342041]
[0.9980993866920471]
[0.06977204233407974]
[0.9887880682945251]
[0.004885449539870024]
[0.08672688901424408]
[0.050649840384721756]
[0.0022712056525051594]
[0.0019276464590802789]
[0.003842812031507492]
[0.0023743528872728348]
[0.002349500311538577]
[0.001838313415646553]
[0.9898642897605896]
[0.0018678256310522556]
[0.002821464091539383]
[0.0030928587075322866]
[0.0018260725773870945]
[0.0021206371020525694]
[0.001954339211806655]
[0.0019013996934518218]
[0.00298041058704257]
[0.0018436101963743567]
[0.0017257212894037366]
[0.0018899156711995602]
[0.0017004795372486115]
[0.0020813855808228254]
[0.9980382323265076]
[0.002362130442634225]
[0.002362213796004653]
[0.002052226336672902]
[0.0035756085999310017]
[0.0025374453980475664]
[0.004415023606270552]
[0.0019727402832359076]
[0.0021993282716721296]
[0.002191734965890646]
[0.001867390819825232]
[0.002588328905403614]
[0.0063631366938352585]
[0.0031920187175273895]
[0.004812086001038551]
[0.9988141059875488]
[0.9988107681274414]
[0.9988633394241333]
[0.9989662170410156]
[0.9987448453903198]
[0.9986966252326965]
[0.9988951086997986]
[0.998869001865387]
[0.9986370205879211]
[0.9767413139343262]
[0.9974838495254517]
[0.9727905988693237]
[0.23961880803108215]
[0.848112940788269]
[0.9782307147979736]
[0.9927889704704285]
[0.9988794922828674]
[0.81490558385849]
[0.9972750544548035]
[0.9972261786460876]
[0.9974835515022278]
[0.9981504082679749]
[0.9984526634216309]
[0.9983770847320557]
[0.002165182027965784]
[0.001623293966986239]
[0.0015613232972100377]
[0.9981659054756165]
[0.008956775069236755]
[0.002132187597453594]
[0.9980113506317139]
[0.016003310680389404]
[0.0035811192356050014]
[0.002853184938430786]
[0.0018496642587706447]
[0.5650767087936401]
[0.9988569021224976]
[0.9988362193107605]
[0.9988614320755005]
[0.9989689588546753]
[0.9987958669662476]
[0.9989629983901978]
[0.9987497329711914]
[0.998818576335907]
[0.0015845161397010088]
[0.9970953464508057]
[0.9955704808235168]
[0.0019184075063094497]
[0.005444372072815895]
[0.003084800438955426]
[0.9978468418121338]
[0.9979400038719177]
[0.9980136156082153]
[0.9977506995201111]
[0.9987785220146179]
[0.9658523201942444]
[0.00177984987385571]
[0.0036507914774119854]
[0.014262806624174118]
[0.001544307917356491]
[0.0015156145673245192]
[0.003065906697884202]
[0.990766167640686]
[0.012618494220077991]
[0.0021371718030422926]
[0.07680878043174744]
[0.010034500621259212]
[0.995130181312561]
[0.9798903465270996]
[0.9965938925743103]
[0.9939569234848022]
[0.9951079487800598]
[0.9978297352790833]
[0.9962291121482849]
[0.9981340765953064]
[0.9897326827049255]
[0.9977871179580688]
[0.9975631237030029]
[0.9963476061820984]
[0.9931017160415649]
[0.9987415671348572]
[0.9937641024589539]
[0.9406945705413818]
[0.8689864873886108]
[0.9732758402824402]
[0.9984001517295837]
[0.9955394864082336]
[0.9825038313865662]
[0.0036365084815770388]
[0.002458952134475112]
[0.09438121318817139]
[0.9775291681289673]
[0.0015665598912164569]
[0.005469147581607103]
[0.0028627272695302963]
[0.9788676500320435]
[0.11240097880363464]
[0.005872368812561035]
[0.9856282472610474]
[0.9918307662010193]
[0.9986623525619507]
[0.005533883813768625]
[0.9986206293106079]
[0.9977206587791443]
[0.9967684745788574]
[0.9977750182151794]
[0.997053861618042]
[0.9988573789596558]
[0.9810154438018799]
[0.998430073261261]
[0.9986466765403748]
[0.9975183010101318]
[0.030929211527109146]
[0.9931364059448242]
[0.9982189536094666]
[0.9975920915603638]
[0.026853015646338463]
[0.10648999363183975]
[0.998887836933136]
[0.9961722493171692]
[0.9883435964584351]
[0.9828954935073853]
[0.9979897737503052]
[0.9988094568252563]
[0.9816945195198059]
[0.9985612034797668]
[0.9610622525215149]
[0.12766458094120026]
[0.9983536005020142]
[0.9964471459388733]
[0.9988054037094116]
[0.9985197186470032]
[0.9924847483634949]
[0.9986777901649475]
[0.9961262345314026]
[0.9967472553253174]
[0.9975645542144775]
[0.9914708733558655]
[0.9794530868530273]
[0.9975443482398987]
[0.9590118527412415]
[0.9916985034942627]
[0.9926683306694031]
[0.9984079003334045]
[0.9980688691139221]
[0.995114803314209]
[0.9984644651412964]
[0.6349694728851318]
[0.9968736171722412]
[0.9772511124610901]
[0.0051185861229896545]
[0.004646947141736746]
[0.9982981085777283]
[0.07263774424791336]
[0.631775975227356]
[0.9988611936569214]
[0.9804826974868774]
[0.9583669304847717]
[0.9644319415092468]
[0.008079754188656807]
[0.026499297469854355]
[0.0037173244636505842]
[0.0037798190023750067]
[0.003378621768206358]
[0.012107649818062782]
[0.31717395782470703]
[0.6423971056938171]
[0.07579395174980164]
[0.2873503565788269]
[0.08568770438432693]
[0.9987769722938538]
[0.9969846606254578]
[0.9968931674957275]
[0.009440921247005463]
[0.006305021233856678]
[0.8446944952011108]
[0.9779695272445679]
[0.0025307273026555777]
[0.0060754455626010895]
[0.01504969596862793]
[0.005347464233636856]
[0.020863628014922142]
[0.20289601385593414]
[0.9980798959732056]
[0.9955488443374634]
[0.0033754652831703424]
[0.9967922568321228]
[0.9972781538963318]
[0.8866003155708313]
[0.9982307553291321]
[0.9981198906898499]
[0.993919849395752]
[0.9978512525558472]
[0.9981871247291565]
[0.9960552453994751]
[0.9971600770950317]
[0.9968288540840149]
[0.998256504535675]
[0.993273138999939]
[0.9981892704963684]
[0.9941907525062561]
[0.9819033145904541]
[0.9982473850250244]
[0.998930037021637]
[0.998895525932312]
[0.10768013447523117]
[0.004776942543685436]
[0.9862132668495178]
[0.9979186654090881]
[0.9977203011512756]
[0.9879786968231201]
[0.9986706972122192]
[0.9974672794342041]
[0.9978170394897461]
[0.9742187261581421]
[0.9896570444107056]
[0.0031323274597525597]
[0.002446602564305067]
[0.0015849099727347493]
[0.0017492615152150393]
[0.003886789083480835]
[0.0017541401321068406]
[0.0025288730394095182]
[0.002214062726125121]
[0.0016347498167306185]
[0.0019132301677018404]
[0.0015097282594069839]
[0.001632821629755199]
[0.0019179845694452524]
[0.0019011263502761722]
[0.0018645196687430143]
[0.006621985696256161]
[0.0022005934733897448]
[0.014309771358966827]
[0.9981765747070312]
[0.9934805631637573]
[0.7931006550788879]
[0.0038181720301508904]
[0.996988832950592]
[0.11929306387901306]
[0.002372095827013254]
[0.024288112297654152]
[0.002604476874694228]
[0.0018061703303828835]
[0.001871092594228685]
[0.0026061907410621643]
[0.002521337941288948]
[0.9982272982597351]
[0.7563971281051636]
[0.977249026298523]
[0.9982861876487732]
[0.9976068735122681]
[0.9978958368301392]
[0.9691279530525208]
[0.04050847142934799]
[0.9975594282150269]
[0.9978781938552856]
[0.9942895174026489]
[0.9987190961837769]
[0.9204081296920776]
[0.9716723561286926]
[0.006192103959619999]
[0.0026340505573898554]
[0.002626494737342]
[0.004821512382477522]
[0.0028312921058386564]
[0.01708807982504368]
[0.0017999379197135568]
[0.001598843839019537]
[0.002444925019517541]
[0.004439002834260464]
[0.004237599205225706]
[0.0018381769768893719]
[0.015994146466255188]
[0.0019504580413922668]
[0.001864626188762486]
[0.0016430324176326394]
[0.002889845985919237]
[0.0016235536895692348]
[0.001767531270161271]
[0.0028002543840557337]
[0.004847362171858549]
[0.00167078769300133]
[0.002774749882519245]
[0.004616592079401016]
[0.0025294902734458447]
[0.002048266353085637]
[0.002202074509114027]
[0.0022389166988432407]
[0.0019253998761996627]
[0.0014622478047385812]
[0.18611127138137817]
[0.4028177857398987]
[0.0025597105268388987]
[0.00574520556256175]
[0.9984380602836609]
[0.9979864358901978]
[0.9978984594345093]
[0.001685309107415378]
[0.0017382088117301464]
[0.007070768624544144]
[0.04267135635018349]
[0.9974004030227661]
[0.0031817227136343718]
[0.0020870594307780266]
[0.05947600305080414]
[0.0023181999567896128]
[0.001721496693789959]
[0.9858733415603638]
[0.0024685030803084373]
[0.006710177753120661]
[0.05371619015932083]
[0.002667744643986225]
[0.9911313652992249]
[0.014674054458737373]
[0.7957926392555237]
[0.9848324656486511]
[0.9987666606903076]
[0.942288875579834]
[0.9972376823425293]
[0.9988316893577576]
[0.9987403750419617]
[0.004520532675087452]
[0.9985259175300598]
[0.9039642810821533]
[0.9957488179206848]
[0.6383644938468933]
[0.0021939645521342754]
[0.0016352074453607202]
[0.0015058296266943216]
[0.5710746645927429]
[0.9914391040802002]
[0.002054982353001833]
[0.0016433789860457182]
[0.0017837808700278401]
[0.001523802988231182]
[0.0022309718187898397]
[0.0022239508107304573]
[0.0024379638489335775]
[0.0018131342949345708]
[0.002096686977893114]
[0.0019071835558861494]
[0.012115865014493465]
[0.00445576012134552]
[0.9981902241706848]
[0.9982457160949707]
[0.002473511267453432]
[0.0016258764080703259]
[0.001571413828060031]
[0.9988709092140198]
[0.9987402558326721]
[0.9979580640792847]
[0.9570013880729675]
[0.9985164999961853]
[0.9962129592895508]
[0.9985944628715515]
[0.0024402146227657795]
