[0.004497764632105827]
[0.8601015210151672]
[0.9534395337104797]
[0.004276575520634651]
[0.9749319553375244]
[0.905796468257904]
[0.9763681888580322]
[0.9765745997428894]
[0.9743652939796448]
[0.9775090217590332]
[0.9768123030662537]
[0.9754499197006226]
[0.9757047295570374]
[0.9757553935050964]
[0.9753746390342712]
[0.9103124737739563]
[0.9567827582359314]
[0.9699742794036865]
[0.004577162675559521]
[0.004091637674719095]
[0.004136442206799984]
[0.005003433208912611]
[0.9709818363189697]
[0.9733447432518005]
[0.007589316926896572]
[0.9737629890441895]
[0.9735738039016724]
[0.9743400812149048]
[0.9660301804542542]
[0.9711063504219055]
[0.9723371267318726]
[0.9751192927360535]
[0.9248884916305542]
[0.9729165434837341]
[0.9745980501174927]
[0.9758868217468262]
[0.9724733829498291]
[0.9687645435333252]
[0.9710597991943359]
[0.9742711186408997]
[0.9728819131851196]
[0.9734364151954651]
[0.967930793762207]
[0.9732586741447449]
[0.9716513156890869]
[0.9722899794578552]
[0.9712642431259155]
[0.12619876861572266]
[0.00408924650400877]
[0.004684852436184883]
[0.9367748498916626]
[0.9745010137557983]
[0.970225989818573]
[0.919703483581543]
[0.004488561302423477]
[0.004677873570472002]
[0.0041344803757965565]
[0.9737213850021362]
[0.011313860304653645]
[0.0039301286451518536]
[0.004059372004121542]
[0.027914181351661682]
[0.017341358587145805]
[0.004184124991297722]
[0.9358759522438049]
[0.044001609086990356]
[0.9747588634490967]
[0.9745314717292786]
[0.8998903632164001]
[0.9733654856681824]
[0.013089663349092007]
[0.031339045614004135]
[0.012718473561108112]
[0.9679543375968933]
[0.8855247497558594]
[0.005738557782024145]
[0.010780178010463715]
[0.9709193110466003]
[0.9686537384986877]
[0.01713099703192711]
[0.9724869132041931]
[0.9710005521774292]
[0.9721552133560181]
[0.9711256623268127]
[0.9708595275878906]
[0.9723800420761108]
[0.9718808531761169]
[0.9709177613258362]
[0.9728779196739197]
[0.9717241525650024]
[0.9756295084953308]
[0.02695741318166256]
[0.9554206728935242]
[0.006388218142092228]
[0.004538567271083593]
[0.9665815830230713]
[0.9678295850753784]
[0.9726675748825073]
[0.970651388168335]
[0.9728236794471741]
[0.9737956523895264]
[0.9685019254684448]
[0.9230265021324158]
[0.9539436101913452]
[0.0062792650423944]
[0.008181193843483925]
[0.00724163418635726]
[0.030315116047859192]
[0.009444266557693481]
[0.011118615046143532]
[0.015020356513559818]
[0.008746582083404064]
[0.978448748588562]
[0.9798668622970581]
[0.9804474115371704]
[0.13730566203594208]
[0.9742962718009949]
[0.025187931954860687]
[0.9558496475219727]
[0.05803711712360382]
[0.008641215972602367]
[0.006404697895050049]
[0.0071656065993011]
[0.007583949249237776]
[0.00798008218407631]
[0.007241386920213699]
[0.0320705771446228]
[0.0074801137670874596]
[0.00719471788033843]
[0.010645447298884392]
[0.007023471873253584]
[0.007700513582676649]
[0.006130327470600605]
[0.006245410069823265]
[0.0077870916575193405]
[0.006590889301151037]
[0.016776442527770996]
[0.01299835741519928]
[0.006200037430971861]
[0.006051229313015938]
[0.9786388278007507]
[0.007113001309335232]
[0.00687734829261899]
[0.006277051754295826]
[0.0059465402737259865]
[0.0054423194378614426]
[0.005896491464227438]
[0.007435031235218048]
[0.05476681888103485]
[0.005443535279482603]
[0.006360188592225313]
[0.007588954176753759]
[0.006313374266028404]
[0.007693116553127766]
[0.005955174565315247]
[0.9718940258026123]
[0.9706690311431885]
[0.9708150625228882]
[0.970725953578949]
[0.9708070755004883]
[0.9708092212677002]
[0.9712342023849487]
[0.9702782034873962]
[0.9687662720680237]
[0.9662818908691406]
[0.9700595140457153]
[0.9690775871276855]
[0.044877324253320694]
[0.9483107328414917]
[0.9629853963851929]
[0.9527156352996826]
[0.9725558161735535]
[0.9560109376907349]
[0.9703714847564697]
[0.96839839220047]
[0.9687848091125488]
[0.9672417044639587]
[0.9665539860725403]
[0.9696452021598816]
[0.01773291826248169]
[0.00971586536616087]
[0.004931639414280653]
[0.9659624099731445]
[0.022598640993237495]
[0.009291023947298527]
[0.9616740942001343]
[0.956966757774353]
[0.004825886804610491]
[0.004613770171999931]
[0.004758407361805439]
[0.016667531803250313]
[0.974798858165741]
[0.9744375944137573]
[0.9745221734046936]
[0.976341724395752]
[0.9731676578521729]
[0.9759977459907532]
[0.9750017523765564]
[0.9740592241287231]
[0.003786315442994237]
[0.9708718061447144]
[0.9706953167915344]
[0.004432173911482096]
[0.004580853506922722]
[0.7151227593421936]
[0.9684328436851501]
[0.9692161083221436]
[0.9686836004257202]
[0.9682345390319824]
[0.9760316014289856]
[0.014295433647930622]
[0.004203043878078461]
[0.00569756468757987]
[0.801482617855072]
[0.004071726463735104]
[0.0040257154032588005]
[0.8336259722709656]
[0.9720926284790039]
[0.9453074336051941]
[0.014535250142216682]
[0.02045474946498871]
[0.050164844840765]
[0.9587349891662598]
[0.9747890830039978]
[0.9754598140716553]
[0.9749799966812134]
[0.9738775491714478]
[0.9734007716178894]
[0.9740157127380371]
[0.9689779877662659]
[0.9672697186470032]
[0.9742087721824646]
[0.9727779030799866]
[0.9731720685958862]
[0.9696141481399536]
[0.97694331407547]
[0.9757009148597717]
[0.9733564853668213]
[0.9744493961334229]
[0.8839625120162964]
[0.9761216640472412]
[0.9754225015640259]
[0.9689551591873169]
[0.9690894484519958]
[0.9541498422622681]
[0.8105283975601196]
[0.9715008735656738]
[0.012134164571762085]
[0.3185664117336273]
[0.8273090124130249]
[0.9602370858192444]
[0.9400498270988464]
[0.8930022716522217]
[0.9685671329498291]
[0.972115159034729]
[0.9735075235366821]
[0.9564399719238281]
[0.9725008010864258]
[0.9712254405021667]
[0.9697859883308411]
[0.9736272692680359]
[0.9696199893951416]
[0.9750466346740723]
[0.9735637903213501]
[0.9703731536865234]
[0.9748409986495972]
[0.9724348187446594]
[0.9723635911941528]
[0.9693138599395752]
[0.9736809730529785]
[0.9721494913101196]
[0.9653139114379883]
[0.9691015481948853]
[0.9746140241622925]
[0.9737046957015991]
[0.9680209159851074]
[0.9668573141098022]
[0.9739363193511963]
[0.9745771884918213]
[0.9735956192016602]
[0.9725762009620667]
[0.968400776386261]
[0.01075648795813322]
[0.9726543426513672]
[0.9723865985870361]
[0.9736122488975525]
[0.972910463809967]
[0.972722589969635]
[0.9719997644424438]
[0.9727353453636169]
[0.9726340770721436]
[0.9732874631881714]
[0.9714531898498535]
[0.9735327959060669]
[0.9727550745010376]
[0.972402811050415]
[0.9632545113563538]
[0.9703994393348694]
[0.9729962944984436]
[0.9749253988265991]
[0.9653965830802917]
[0.9750152230262756]
[0.9210726022720337]
[0.9733571410179138]
[0.9714587926864624]
[0.00798079278320074]
[0.6173839569091797]
[0.9726845026016235]
[0.9510331749916077]
[0.9637741446495056]
[0.9755206108093262]
[0.950465738773346]
[0.9668275713920593]
[0.9587838649749756]
[0.2304631471633911]
[0.9600902199745178]
[0.003963182680308819]
[0.0037267457228153944]
[0.47065937519073486]
[0.0037846374325454235]
[0.9127250909805298]
[0.9672431945800781]
[0.9223337769508362]
[0.9514622688293457]
[0.96366286277771]
[0.9749560952186584]
[0.9707658290863037]
[0.9707250595092773]
[0.5497851371765137]
[0.9231242537498474]
[0.9559798240661621]
[0.9313567280769348]
[0.004398296121507883]
[0.017336418852210045]
[0.3506474196910858]
[0.005700818262994289]
[0.038863763213157654]
[0.2830762267112732]
[0.9711245894432068]
[0.005018989555537701]
[0.9675543308258057]
[0.9646828174591064]
[0.9327400326728821]
[0.9397944211959839]
[0.9716145396232605]
[0.9716572761535645]
[0.9701491594314575]
[0.971555769443512]
[0.9746021032333374]
[0.9712953567504883]
[0.9692543745040894]
[0.9703110456466675]
[0.9732434153556824]
[0.9729251265525818]
[0.9731916189193726]
[0.9691720008850098]
[0.9720309972763062]
[0.97297203540802]
[0.972802460193634]
[0.9744880199432373]
[0.00599032174795866]
[0.011018739081919193]
[0.9662590622901917]
[0.9716150760650635]
[0.965776801109314]
[0.9655020236968994]
[0.9718807339668274]
[0.9678727984428406]
[0.9701907634735107]
[0.9671710133552551]
[0.9467699527740479]
[0.020395031198859215]
[0.8234694004058838]
[0.00525634502992034]
[0.005240278318524361]
[0.004850702825933695]
[0.007709157187491655]
[0.03275010362267494]
[0.9505140781402588]
[0.005785015877336264]
[0.005825377535074949]
[0.004100688733160496]
[0.004077439196407795]
[0.004255950916558504]
[0.004390805959701538]
[0.004972320515662432]
[0.019340667873620987]
[0.8140232563018799]
[0.9248084425926208]
[0.9722816944122314]
[0.9713700413703918]
[0.9056527614593506]
[0.00563227292150259]
[0.951904296875]
[0.9685446619987488]
[0.9622101783752441]
[0.005235170014202595]
[0.9505128860473633]
[0.004382896237075329]
[0.004111996851861477]
[0.004404911305755377]
[0.004624002147465944]
[0.9719977378845215]
[0.9557235240936279]
[0.9706156849861145]
[0.9680266380310059]
[0.9709445238113403]
[0.9722563028335571]
[0.9692947268486023]
[0.04318937659263611]
[0.9713850021362305]
[0.9690991044044495]
[0.9688849449157715]
[0.9712495803833008]
[0.006012067198753357]
[0.960773229598999]
[0.9291515946388245]
[0.004862354602664709]
[0.9573883414268494]
[0.5448574423789978]
[0.004020113963633776]
[0.9639695882797241]
[0.006565141957253218]
[0.004299761261790991]
[0.009766996838152409]
[0.9343207478523254]
[0.005072279833257198]
[0.005060216877609491]
[0.9577202796936035]
[0.007044787053018808]
[0.004165354184806347]
[0.004395102150738239]
[0.004291422199457884]
[0.004344819579273462]
[0.006406791973859072]
[0.007197258993983269]
[0.00824699830263853]
[0.004747188650071621]
[0.009116026572883129]
[0.004972662776708603]
[0.010911865159869194]
[0.004350489471107721]
[0.01373547688126564]
[0.12344039231538773]
[0.00576856778934598]
[0.004127148073166609]
[0.9579316973686218]
[0.9623226523399353]
[0.004991018678992987]
[0.006170968525111675]
[0.9729735255241394]
[0.9730964303016663]
[0.9733272194862366]
[0.005609158426523209]
[0.004603296983987093]
[0.010611511766910553]
[0.8779725432395935]
[0.9652352929115295]
[0.8209420442581177]
[0.009785160422325134]
[0.09424097836017609]
[0.005432809237390757]
[0.004526927135884762]
[0.10519563406705856]
[0.005880441050976515]
[0.9611942172050476]
[0.9505789279937744]
[0.06746787577867508]
[0.8596091270446777]
[0.9649703502655029]
[0.9648824334144592]
[0.9700899124145508]
[0.9731364250183105]
[0.9687345027923584]
[0.9428790211677551]
[0.9649814367294312]
[0.9552306532859802]
[0.6793035268783569]
[0.9734054803848267]
[0.9600579142570496]
[0.9716044068336487]
[0.01335093192756176]
[0.004708848427981138]
[0.004022013861685991]
[0.004303751979023218]
[0.1608860045671463]
[0.900472104549408]
[0.004477044567465782]
[0.004367653746157885]
[0.005644990596920252]
[0.0046083820052444935]
[0.004933525808155537]
[0.005626182071864605]
[0.005158622283488512]
[0.008201497606933117]
[0.005765281151980162]
[0.004967750981450081]
[0.010064874775707722]
[0.6496987342834473]
[0.9726032614707947]
[0.9728361964225769]
[0.008594667539000511]
[0.004577517043799162]
[0.0045803142711520195]
[0.9770282506942749]
[0.9774847626686096]
[0.9744287729263306]
[0.9404493570327759]
[0.9724503755569458]
[0.9746192097663879]
[0.9751896858215332]
[0.005849003791809082]
