[0.9516576528549194]
[0.875998318195343]
[0.9514267444610596]
[0.9522038102149963]
[0.9440729022026062]
[0.9454895257949829]
[0.9508317112922668]
[0.952161431312561]
[0.9516857266426086]
[0.9517162442207336]
[0.9522064924240112]
[0.9284641742706299]
[0.9432867765426636]
[0.9358342885971069]
[0.1464344710111618]
[0.041239917278289795]
[0.061139702796936035]
[0.05855150893330574]
[0.9234781861305237]
[0.9413686990737915]
[0.7212448716163635]
[0.9436354637145996]
[0.9400230646133423]
[0.9484549760818481]
[0.9339722394943237]
[0.9392558932304382]
[0.9379981160163879]
[0.9444593787193298]
[0.8573235273361206]
[0.9319759011268616]
[0.9451442360877991]
[0.9459077715873718]
[0.9414520263671875]
[0.9341492652893066]
[0.9273591637611389]
[0.9345104694366455]
[0.9393780827522278]
[0.9326775074005127]
[0.929523766040802]
[0.9420818090438843]
[0.9253785014152527]
[0.9391785860061646]
[0.9318234920501709]
[0.9207345247268677]
[0.06094451621174812]
[0.11005985736846924]
[0.8072864413261414]
[0.9410810470581055]
[0.9199537038803101]
[0.12417089194059372]
[0.12687064707279205]
[0.11797630786895752]
[0.045989394187927246]
[0.7596548795700073]
[0.8550564050674438]
[0.04086437448859215]
[0.0439053550362587]
[0.6712641716003418]
[0.1294093132019043]
[0.07414024323225021]
[0.11532744020223618]
[0.18504492938518524]
[0.9400435090065002]
[0.9486920237541199]
[0.9311736226081848]
[0.946045994758606]
[0.1387457251548767]
[0.1540166735649109]
[0.13845427334308624]
[0.9430738687515259]
[0.9229921698570251]
[0.08813582360744476]
[0.9040939807891846]
[0.9414681196212769]
[0.9516010880470276]
[0.40748295187950134]
[0.949324369430542]
[0.9532299041748047]
[0.9527089595794678]
[0.9543669819831848]
[0.9535963535308838]
[0.9525797963142395]
[0.9515001773834229]
[0.9522578716278076]
[0.9531632661819458]
[0.9554347395896912]
[0.9535510540008545]
[0.15033559501171112]
[0.9385846853256226]
[0.1153792142868042]
[0.049222417175769806]
[0.9514277577400208]
[0.9518327713012695]
[0.9492017030715942]
[0.9513830542564392]
[0.9514068961143494]
[0.952413022518158]
[0.948799192905426]
[0.9357680082321167]
[0.9423168301582336]
[0.13194358348846436]
[0.09151197224855423]
[0.04637601226568222]
[0.9181974530220032]
[0.15721090137958527]
[0.13127340376377106]
[0.6624888181686401]
[0.09506843984127045]
[0.9263765215873718]
[0.9435206651687622]
[0.9389477372169495]
[0.8772077560424805]
[0.9363488554954529]
[0.8636005520820618]
[0.9031645655632019]
[0.8750555515289307]
[0.10572861135005951]
[0.04227001219987869]
[0.04602942243218422]
[0.04456813633441925]
[0.07286696135997772]
[0.046220313757658005]
[0.9072546362876892]
[0.04462936520576477]
[0.0414108969271183]
[0.10327421128749847]
[0.04410755634307861]
[0.04347056522965431]
[0.048091620206832886]
[0.04158847779035568]
[0.04682732746005058]
[0.04420524463057518]
[0.09171856194734573]
[0.04697394743561745]
[0.04158950597047806]
[0.04194333776831627]
[0.9388784766197205]
[0.04433894902467728]
[0.044524215161800385]
[0.05570688843727112]
[0.054395027458667755]
[0.04413645714521408]
[0.042954619973897934]
[0.04605753719806671]
[0.13888947665691376]
[0.044040579348802567]
[0.041029177606105804]
[0.07426286488771439]
[0.09859339892864227]
[0.05061817169189453]
[0.04807407408952713]
[0.951489269733429]
[0.9513809084892273]
[0.9513027667999268]
[0.9533526301383972]
[0.9519599080085754]
[0.9526387453079224]
[0.9531075358390808]
[0.951551616191864]
[0.9513525366783142]
[0.9435027241706848]
[0.945354700088501]
[0.943537175655365]
[0.9042273163795471]
[0.917873740196228]
[0.9380471110343933]
[0.9367456436157227]
[0.9510274529457092]
[0.8329845666885376]
[0.9496863484382629]
[0.9474360346794128]
[0.9450038075447083]
[0.9389320611953735]
[0.9460494518280029]
[0.9439964294433594]
[0.13438980281352997]
[0.09543535858392715]
[0.05080675706267357]
[0.9260022640228271]
[0.3094853460788727]
[0.06901777535676956]
[0.943244457244873]
[0.9137302041053772]
[0.15718328952789307]
[0.05203455314040184]
[0.0549117848277092]
[0.18659472465515137]
[0.9490082859992981]
[0.9489052295684814]
[0.9480298757553101]
[0.9490407109260559]
[0.9395038485527039]
[0.9477539658546448]
[0.9467284083366394]
[0.9461645483970642]
[0.9425039291381836]
[0.9481803774833679]
[0.5855367183685303]
[0.1488647758960724]
[0.9091026186943054]
[0.9444707632064819]
[0.947518527507782]
[0.9459331631660461]
[0.9447638988494873]
[0.9480941295623779]
[0.8745557069778442]
[0.11047405749559402]
[0.8066054582595825]
[0.908165454864502]
[0.8876563310623169]
[0.9261868596076965]
[0.908190131187439]
[0.061924342066049576]
[0.6842243671417236]
[0.5329192876815796]
[0.9302079677581787]
[0.9368046522140503]
[0.940819263458252]
[0.937065839767456]
[0.9415941834449768]
[0.9401253461837769]
[0.9412927627563477]
[0.9399141669273376]
[0.9371188282966614]
[0.9384289383888245]
[0.9390840530395508]
[0.9411591291427612]
[0.9195169806480408]
[0.9455865025520325]
[0.9341142177581787]
[0.9286658763885498]
[0.9361363053321838]
[0.9280248880386353]
[0.946800172328949]
[0.943293035030365]
[0.9293522238731384]
[0.914233922958374]
[0.8903020024299622]
[0.778233528137207]
[0.9258201122283936]
[0.1220851019024849]
[0.23953402042388916]
[0.8953440189361572]
[0.920248806476593]
[0.939361572265625]
[0.9149059653282166]
[0.9420562982559204]
[0.9478693008422852]
[0.9501872062683105]
[0.934150218963623]
[0.9487385749816895]
[0.9398467540740967]
[0.9455052614212036]
[0.9447789192199707]
[0.9448933005332947]
[0.9528582096099854]
[0.9478947520256042]
[0.9378542304039001]
[0.9523462653160095]
[0.947777271270752]
[0.9475908875465393]
[0.9458876848220825]
[0.9515035152435303]
[0.9480456113815308]
[0.9374392032623291]
[0.943550169467926]
[0.9515379071235657]
[0.9484376907348633]
[0.9411766529083252]
[0.9448787569999695]
[0.9470928907394409]
[0.9494219422340393]
[0.9501990675926208]
[0.9490363001823425]
[0.9382001757621765]
[0.9261865615844727]
[0.9475910067558289]
[0.9478645324707031]
[0.9451213479042053]
[0.9497262239456177]
[0.9514666795730591]
[0.9469307661056519]
[0.9433333873748779]
[0.9470195174217224]
[0.9484279155731201]
[0.9438503980636597]
[0.9478899240493774]
[0.9391891360282898]
[0.9445549845695496]
[0.9131358861923218]
[0.944537341594696]
[0.9495590925216675]
[0.9475710988044739]
[0.9353175759315491]
[0.9466979503631592]
[0.8952470421791077]
[0.9475538730621338]
[0.9335973858833313]
[0.10235151648521423]
[0.1167580857872963]
[0.9331405758857727]
[0.9384933114051819]
[0.9317018389701843]
[0.9468138813972473]
[0.860326886177063]
[0.9319097399711609]
[0.9314771890640259]
[0.8562618494033813]
[0.9236227869987488]
[0.09978185594081879]
[0.09279698878526688]
[0.8755512833595276]
[0.09612990915775299]
[0.9081663489341736]
[0.9467498660087585]
[0.9283788800239563]
[0.9016330242156982]
[0.9429959058761597]
[0.9479864835739136]
[0.9437214732170105]
[0.9465949535369873]
[0.569214940071106]
[0.9134072661399841]
[0.8933344483375549]
[0.8817119002342224]
[0.8859825134277344]
[0.880287230014801]
[0.1623600721359253]
[0.18692289292812347]
[0.9031274318695068]
[0.898612916469574]
[0.9471731781959534]
[0.09302587807178497]
[0.9401143193244934]
[0.9384449124336243]
[0.9280858635902405]
[0.9035331606864929]
[0.9459977746009827]
[0.9483516812324524]
[0.9467726349830627]
[0.9398632049560547]
[0.9455601572990417]
[0.9440761208534241]
[0.9454957842826843]
[0.944962739944458]
[0.9476962089538574]
[0.9430462718009949]
[0.9477198719978333]
[0.9436426162719727]
[0.9446742534637451]
[0.9489105939865112]
[0.9481685161590576]
[0.9493970274925232]
[0.7529527544975281]
[0.7406049370765686]
[0.8422214388847351]
[0.9330722689628601]
[0.9273627400398254]
[0.8802000880241394]
[0.9424082636833191]
[0.9348130822181702]
[0.93071448802948]
[0.9196593165397644]
[0.8180113434791565]
[0.8857805132865906]
[0.8288121819496155]
[0.1224646046757698]
[0.13890430331230164]
[0.09876824170351028]
[0.8197829723358154]
[0.8971350789070129]
[0.9385039210319519]
[0.16572949290275574]
[0.14103077352046967]
[0.051728811115026474]
[0.4728664755821228]
[0.053450655192136765]
[0.07592011243104935]
[0.14600834250450134]
[0.7465550899505615]
[0.7920869588851929]
[0.9144377112388611]
[0.9454184174537659]
[0.9461951851844788]
[0.146720752120018]
[0.13698454201221466]
[0.9318037629127502]
[0.9334188103675842]
[0.9349167943000793]
[0.09077859669923782]
[0.9346532225608826]
[0.05684170499444008]
[0.05453069135546684]
[0.06350455433130264]
[0.06254823505878448]
[0.9490340948104858]
[0.9372195601463318]
[0.9389986395835876]
[0.9241759181022644]
[0.9323503971099854]
[0.9393237233161926]
[0.9302929639816284]
[0.8782919049263]
[0.9450138211250305]
[0.947923481464386]
[0.9339123368263245]
[0.940684974193573]
[0.09033086150884628]
[0.6537255048751831]
[0.7509432435035706]
[0.11328400671482086]
[0.9320414662361145]
[0.8945387601852417]
[0.05218858644366264]
[0.9405953884124756]
[0.12405651062726974]
[0.05092395469546318]
[0.22957143187522888]
[0.9081271886825562]
[0.6214836835861206]
[0.10679946094751358]
[0.9216816425323486]
[0.23756563663482666]
[0.07535259425640106]
[0.06242670491337776]
[0.05272082984447479]
[0.08914574235677719]
[0.8751652836799622]
[0.19549287855625153]
[0.42999163269996643]
[0.09965039789676666]
[0.09196516871452332]
[0.15301118791103363]
[0.8806307911872864]
[0.058583926409482956]
[0.902914822101593]
[0.7886742949485779]
[0.08797021955251694]
[0.07951108366250992]
[0.9311134815216064]
[0.9369561672210693]
[0.10313210636377335]
[0.08899001777172089]
[0.9467269778251648]
[0.9455012083053589]
[0.9432478547096252]
[0.09871987998485565]
[0.07423979043960571]
[0.8564271330833435]
[0.917305052280426]
[0.93992680311203]
[0.8553496599197388]
[0.7832707166671753]
[0.9239127039909363]
[0.39881432056427]
[0.11462870985269547]
[0.12058217823505402]
[0.7043615579605103]
[0.9396359920501709]
[0.9216791987419128]
[0.7786427736282349]
[0.8867694139480591]
[0.9346559047698975]
[0.9292663335800171]
[0.9398070573806763]
[0.9464929699897766]
[0.9450711011886597]
[0.8716211318969727]
[0.9440294504165649]
[0.9260163307189941]
[0.927666425704956]
[0.9439403414726257]
[0.9374148845672607]
[0.946526050567627]
[0.14915597438812256]
[0.05710195377469063]
[0.053892288357019424]
[0.05266905575990677]
[0.7692626714706421]
[0.9223407506942749]
[0.0465998612344265]
[0.04403555765748024]
[0.08740885555744171]
[0.04122573882341385]
[0.053467776626348495]
[0.1081821471452713]
[0.0582306832075119]
[0.1269606351852417]
[0.050582874566316605]
[0.055304162204265594]
[0.6476094126701355]
[0.7494443655014038]
[0.9384771585464478]
[0.9434161186218262]
[0.0949598029255867]
[0.9446946382522583]
[0.9463780522346497]
[0.9388883709907532]
[0.9322565793991089]
[0.9426316022872925]
[0.9401544332504272]
[0.9416515827178955]
