[0.03485113009810448]
[0.9778546094894409]
[0.9808657169342041]
[0.03835169970989227]
[0.988560140132904]
[0.9818338751792908]
[0.987847089767456]
[0.9894547462463379]
[0.9899067282676697]
[0.986480712890625]
[0.98808753490448]
[0.9894943833351135]
[0.9894754886627197]
[0.9895334839820862]
[0.9894047975540161]
[0.9821229577064514]
[0.9858308434486389]
[0.9798311591148376]
[0.09538556635379791]
[0.03382384032011032]
[0.03361455351114273]
[0.033814143389463425]
[0.98751300573349]
[0.9873535633087158]
[0.9809943437576294]
[0.988460898399353]
[0.9878657460212708]
[0.9882452487945557]
[0.9876208901405334]
[0.9869276881217957]
[0.987930417060852]
[0.9871921539306641]
[0.9847922325134277]
[0.9864582419395447]
[0.9873408675193787]
[0.9882357120513916]
[0.9862972497940063]
[0.9874768853187561]
[0.9880664348602295]
[0.9879162311553955]
[0.9871707558631897]
[0.9879904389381409]
[0.9877164959907532]
[0.9871816635131836]
[0.9877790808677673]
[0.9882017970085144]
[0.9877419471740723]
[0.9827787280082703]
[0.03403853625059128]
[0.034593310207128525]
[0.05842074751853943]
[0.9875952005386353]
[0.9845914840698242]
[0.10148021578788757]
[0.03437377139925957]
[0.03428257256746292]
[0.03401319310069084]
[0.2325056791305542]
[0.03869152069091797]
[0.03425931930541992]
[0.03354167193174362]
[0.9795883893966675]
[0.9776058197021484]
[0.033943645656108856]
[0.03483816236257553]
[0.09291393309831619]
[0.9873599410057068]
[0.9863178730010986]
[0.9813148379325867]
[0.988103449344635]
[0.9783486723899841]
[0.04531080275774002]
[0.03604619577527046]
[0.9805251955986023]
[0.041839610785245895]
[0.03740854188799858]
[0.29104703664779663]
[0.9892194867134094]
[0.9892003536224365]
[0.043484631925821304]
[0.9875166416168213]
[0.9892820119857788]
[0.9899553060531616]
[0.9897500872612]
[0.9896564483642578]
[0.9896960258483887]
[0.9896402955055237]
[0.9898496866226196]
[0.9894759654998779]
[0.9898373484611511]
[0.989919900894165]
[0.09322672337293625]
[0.9789081811904907]
[0.03694537281990051]
[0.036492131650447845]
[0.9895561337471008]
[0.9899564981460571]
[0.9892030358314514]
[0.9896737337112427]
[0.9898552894592285]
[0.9897157549858093]
[0.9887517094612122]
[0.9844856262207031]
[0.9868590831756592]
[0.03683842346072197]
[0.03713817521929741]
[0.03590429946780205]
[0.9810691475868225]
[0.982589840888977]
[0.03584173694252968]
[0.03707273676991463]
[0.9861406087875366]
[0.9870488047599792]
[0.9881750345230103]
[0.9891239404678345]
[0.036254435777664185]
[0.981101930141449]
[0.9816514253616333]
[0.9767903089523315]
[0.9805002212524414]
[0.09017439186573029]
[0.035109903663396835]
[0.03584582731127739]
[0.036090459674596786]
[0.03463644161820412]
[0.03536609187722206]
[0.9798683524131775]
[0.03535411134362221]
[0.03510107100009918]
[0.03633618727326393]
[0.03492288291454315]
[0.03489923104643822]
[0.03445917367935181]
[0.03550715371966362]
[0.03465121239423752]
[0.03535059094429016]
[0.03614191338419914]
[0.035095006227493286]
[0.034797608852386475]
[0.03514363616704941]
[0.9877926707267761]
[0.03482002764940262]
[0.034690264612436295]
[0.034495189785957336]
[0.035039011389017105]
[0.034649863839149475]
[0.034643445163965225]
[0.03484509885311127]
[0.043550193309783936]
[0.03488507866859436]
[0.03486194461584091]
[0.034847673028707504]
[0.03447161987423897]
[0.035266295075416565]
[0.03533606603741646]
[0.9888577461242676]
[0.9885635375976562]
[0.9882871508598328]
[0.9886711835861206]
[0.9887248873710632]
[0.9880256056785583]
[0.9890447854995728]
[0.9881911873817444]
[0.9881728291511536]
[0.980512261390686]
[0.9780640602111816]
[0.9821262955665588]
[0.03862488642334938]
[0.9796432852745056]
[0.9809108376502991]
[0.9798939824104309]
[0.9881058931350708]
[0.9785838723182678]
[0.9872538447380066]
[0.9862750768661499]
[0.9883525967597961]
[0.9798919558525085]
[0.9869192242622375]
[0.9854924082756042]
[0.03530815616250038]
[0.03525214269757271]
[0.03472051024436951]
[0.9863558411598206]
[0.9774706363677979]
[0.03795184567570686]
[0.9865199327468872]
[0.26607993245124817]
[0.9864663481712341]
[0.034744828939437866]
[0.0350654199719429]
[0.985047459602356]
[0.9889076352119446]
[0.9891104102134705]
[0.988754391670227]
[0.9867037534713745]
[0.9867345094680786]
[0.9887428283691406]
[0.98797208070755]
[0.9887027740478516]
[0.03357129916548729]
[0.986789882183075]
[0.9876757860183716]
[0.035249799489974976]
[0.9787775278091431]
[0.9779937267303467]
[0.9885134100914001]
[0.9881500005722046]
[0.9871467351913452]
[0.9868897199630737]
[0.9827468395233154]
[0.9858732223510742]
[0.03463968262076378]
[0.21404306590557098]
[0.03693321719765663]
[0.0337277315557003]
[0.03402300551533699]
[0.9780074954032898]
[0.9833632707595825]
[0.9828038215637207]
[0.0340748056769371]
[0.9798193573951721]
[0.28212785720825195]
[0.9819002151489258]
[0.987286388874054]
[0.9873737692832947]
[0.9882508516311646]
[0.9880483150482178]
[0.9882879853248596]
[0.9881246089935303]
[0.9874613881111145]
[0.9864511489868164]
[0.9880825281143188]
[0.9876783490180969]
[0.9882813096046448]
[0.9850795269012451]
[0.9883838891983032]
[0.9813768267631531]
[0.9863872528076172]
[0.9872061014175415]
[0.9841442108154297]
[0.9885727167129517]
[0.987899899482727]
[0.9880127906799316]
[0.978502631187439]
[0.9778838157653809]
[0.9777626395225525]
[0.9869379997253418]
[0.03431883454322815]
[0.9774333834648132]
[0.9788967967033386]
[0.9785205125808716]
[0.9821299910545349]
[0.9789242148399353]
[0.9819291830062866]
[0.9882518649101257]
[0.9885073900222778]
[0.10019286721944809]
[0.9884528517723083]
[0.986572265625]
[0.984686017036438]
[0.9849914908409119]
[0.9849246144294739]
[0.9888885617256165]
[0.9876759052276611]
[0.9875431060791016]
[0.9886619448661804]
[0.9879342317581177]
[0.9867997169494629]
[0.9783263206481934]
[0.9879900813102722]
[0.9870405793190002]
[0.9793673157691956]
[0.9847813844680786]
[0.9889717698097229]
[0.9865970015525818]
[0.9834185242652893]
[0.9837186932563782]
[0.9883520007133484]
[0.988736093044281]
[0.9878276586532593]
[0.9880660772323608]
[0.9774760007858276]
[0.9823347330093384]
[0.9873691201210022]
[0.9872128367424011]
[0.9880123138427734]
[0.9875136017799377]
[0.9872936010360718]
[0.9883853197097778]
[0.9872816205024719]
[0.9877062439918518]
[0.9879164695739746]
[0.9868170619010925]
[0.9818951487541199]
[0.9873865246772766]
[0.9847739934921265]
[0.9848605394363403]
[0.9873366951942444]
[0.9883537292480469]
[0.9884429574012756]
[0.9854216575622559]
[0.9867905974388123]
[0.9818259477615356]
[0.9874005913734436]
[0.9777899980545044]
[0.06538312137126923]
[0.06447194516658783]
[0.9856760501861572]
[0.09357061982154846]
[0.24677729606628418]
[0.9878610968589783]
[0.977627694606781]
[0.982180118560791]
[0.9862776398658752]
[0.9791631102561951]
[0.9782363772392273]
[0.035296645015478134]
[0.03494993597269058]
[0.04760069027543068]
[0.03512926027178764]
[0.9778774380683899]
[0.9776538014411926]
[0.9783006310462952]
[0.041155844926834106]
[0.9869154691696167]
[0.9877567291259766]
[0.9830210208892822]
[0.9811440706253052]
[0.12499581277370453]
[0.07565242052078247]
[0.9794705510139465]
[0.9778629541397095]
[0.063563771545887]
[0.9792461395263672]
[0.03628961369395256]
[0.035068776458501816]
[0.055753327906131744]
[0.05057215318083763]
[0.9862359166145325]
[0.9787619113922119]
[0.036587297916412354]
[0.2975045144557953]
[0.9811816811561584]
[0.9791749119758606]
[0.9848037958145142]
[0.9869120121002197]
[0.9855042099952698]
[0.9849485754966736]
[0.9883572459220886]
[0.9789895415306091]
[0.9880186319351196]
[0.9857154488563538]
[0.9860525131225586]
[0.9862154722213745]
[0.9859957098960876]
[0.9814237952232361]
[0.986079752445221]
[0.9881483912467957]
[0.9886327385902405]
[0.9883312582969666]
[0.2371309995651245]
[0.036767616868019104]
[0.22443245351314545]
[0.9785732626914978]
[0.9807654023170471]
[0.9811546206474304]
[0.9878512024879456]
[0.978609025478363]
[0.9778422117233276]
[0.9784714579582214]
[0.12680868804454803]
[0.038003407418727875]
[0.0350935235619545]
[0.03513001650571823]
[0.035074908286333084]
[0.035275429487228394]
[0.03540210798382759]
[0.035349298268556595]
[0.08454420417547226]
[0.0354037843644619]
[0.03571319207549095]
[0.036964960396289825]
[0.03480266034603119]
[0.03632323071360588]
[0.03503436595201492]
[0.03517033904790878]
[0.066440649330616]
[0.043973907828330994]
[0.03575374186038971]
[0.9848740100860596]
[0.9788564443588257]
[0.9771092534065247]
[0.47754576802253723]
[0.9802727103233337]
[0.30099189281463623]
[0.036156732589006424]
[0.03579571843147278]
[0.03596656396985054]
[0.03467974811792374]
[0.03492632880806923]
[0.03538491576910019]
[0.03503115847706795]
[0.9869977235794067]
[0.9774093627929688]
[0.9821688532829285]
[0.9800563454627991]
[0.9867323040962219]
[0.9842243194580078]
[0.9794684052467346]
[0.03565641865134239]
[0.9855151176452637]
[0.9860357046127319]
[0.9842572212219238]
[0.9877654314041138]
[0.08674141019582748]
[0.04131782427430153]
[0.07678168267011642]
[0.03516301512718201]
[0.03589585795998573]
[0.06696824729442596]
[0.03506007418036461]
[0.0794912800192833]
[0.03528721258044243]
[0.03708335757255554]
[0.03591578081250191]
[0.03632102906703949]
[0.03504178300499916]
[0.035030998289585114]
[0.10517241060733795]
[0.03477707505226135]
[0.0379457101225853]
[0.034926656633615494]
[0.036398325115442276]
[0.035201169550418854]
[0.03490070253610611]
[0.03481065481901169]
[0.03562214970588684]
[0.03623010218143463]
[0.03533582761883736]
[0.0357719287276268]
[0.03566955402493477]
[0.03542909771203995]
[0.03597646579146385]
[0.03656378015875816]
[0.03514643758535385]
[0.03527013957500458]
[0.10353479534387589]
[0.979158878326416]
[0.035346534103155136]
[0.03535302355885506]
[0.9867876768112183]
[0.985355019569397]
[0.9835731387138367]
[0.03679606691002846]
[0.03673981502652168]
[0.03475288674235344]
[0.1819634735584259]
[0.9851078391075134]
[0.03523007780313492]
[0.04096033796668053]
[0.1157943531870842]
[0.035329561680555344]
[0.03596324101090431]
[0.09774953871965408]
[0.09051404893398285]
[0.037210650742053986]
[0.9770081043243408]
[0.03614800423383713]
[0.3024599552154541]
[0.07292284816503525]
[0.1257619559764862]
[0.9780916571617126]
[0.9883184432983398]
[0.9784659743309021]
[0.9853976964950562]
[0.9872697591781616]
[0.9831953644752502]
[0.9799096584320068]
[0.9880487322807312]
[0.265423059463501]
[0.9849603772163391]
[0.07016321271657944]
[0.03693607077002525]
[0.034995004534721375]
[0.03457643464207649]
[0.977753758430481]
[0.9793611168861389]
[0.9148738980293274]
[0.9817618131637573]
[0.035888757556676865]
[0.9811009168624878]
[0.9891421794891357]
[0.03667402267456055]
[0.03377413749694824]
[0.03857109695672989]
[0.03504509851336479]
[0.30019962787628174]
[0.04661702364683151]
[0.12127357721328735]
[0.9802029132843018]
[0.9859977960586548]
[0.04740363359451294]
[0.03754051402211189]
[0.03869983181357384]
[0.9896696209907532]
[0.9888379573822021]
[0.9874073266983032]
[0.9776261448860168]
[0.9892169237136841]
[0.9872437119483948]
[0.986283540725708]
[0.08233554661273956]
