[0.6531779766082764]
[0.3235642611980438]
[0.8545241355895996]
[0.8888073563575745]
[0.7327412962913513]
[0.7672976851463318]
[0.8813309073448181]
[0.8898100852966309]
[0.8839072585105896]
[0.8948668241500854]
[0.7154286503791809]
[0.608082115650177]
[0.3503912091255188]
[0.36429479718208313]
[0.055379919707775116]
[0.02686167135834694]
[0.024207329377532005]
[0.020530687645077705]
[0.7806518077850342]
[0.8923268914222717]
[0.5512896180152893]
[0.884685218334198]
[0.8929352760314941]
[0.8792173266410828]
[0.8236653208732605]
[0.7951722145080566]
[0.8123519420623779]
[0.874477744102478]
[0.578373908996582]
[0.823553740978241]
[0.8802729845046997]
[0.8092822432518005]
[0.5111035704612732]
[0.8183678984642029]
[0.8672501444816589]
[0.8635725975036621]
[0.7311018109321594]
[0.8745610117912292]
[0.7468151450157166]
[0.7232338190078735]
[0.6778667569160461]
[0.8659381866455078]
[0.8802593946456909]
[0.29938623309135437]
[0.02197246626019478]
[0.021660292521119118]
[0.03492680937051773]
[0.8998004198074341]
[0.3349134027957916]
[0.062132786959409714]
[0.03738591820001602]
[0.029899006709456444]
[0.028254712000489235]
[0.21636724472045898]
[0.09275194257497787]
[0.023667307570576668]
[0.022134535014629364]
[0.18327152729034424]
[0.1400512307882309]
[0.02211618609726429]
[0.028070924803614616]
[0.0967697948217392]
[0.9016933441162109]
[0.9097238183021545]
[0.12073323875665665]
[0.8430172801017761]
[0.10764050483703613]
[0.060902174562215805]
[0.040207039564847946]
[0.32733798027038574]
[0.11595551669597626]
[0.02526155114173889]
[0.1332796961069107]
[0.8272007703781128]
[0.8031759858131409]
[0.09476757049560547]
[0.9119648337364197]
[0.9058721661567688]
[0.9069178104400635]
[0.9089411497116089]
[0.8929784297943115]
[0.8979053497314453]
[0.8954569101333618]
[0.670009970664978]
[0.901686429977417]
[0.9154796600341797]
[0.9015136361122131]
[0.06173185259103775]
[0.3580452501773834]
[0.03214766085147858]
[0.022105587646365166]
[0.8887461423873901]
[0.8790106773376465]
[0.9003311991691589]
[0.9046357870101929]
[0.9077194929122925]
[0.9121721386909485]
[0.11510071158409119]
[0.7981020212173462]
[0.5261703729629517]
[0.023989776149392128]
[0.023822268471121788]
[0.021144041791558266]
[0.24922208487987518]
[0.10141167044639587]
[0.057713236659765244]
[0.06804744899272919]
[0.026475775986909866]
[0.675475001335144]
[0.7798958420753479]
[0.6681876182556152]
[0.1813889592885971]
[0.4968070685863495]
[0.0986839309334755]
[0.1862201988697052]
[0.15507352352142334]
[0.021378044039011]
[0.02254401706159115]
[0.026698512956500053]
[0.02571365423500538]
[0.02751634642481804]
[0.020533312112092972]
[0.21102316677570343]
[0.023719388991594315]
[0.02385140396654606]
[0.057545069605112076]
[0.022805174812674522]
[0.02317572385072708]
[0.021590424701571465]
[0.020992353558540344]
[0.023694362491369247]
[0.022501520812511444]
[0.022511273622512817]
[0.02182750776410103]
[0.02080351673066616]
[0.022338783368468285]
[0.6595317721366882]
[0.023813430219888687]
[0.0227543693035841]
[0.022042540833353996]
[0.027002928778529167]
[0.025601891800761223]
[0.02354240231215954]
[0.023821907117962837]
[0.03680453076958656]
[0.024890659376978874]
[0.028540849685668945]
[0.02747543714940548]
[0.028301527723670006]
[0.02437455579638481]
[0.024188244715332985]
[0.8672966957092285]
[0.893730878829956]
[0.9109952449798584]
[0.9166273474693298]
[0.9199775457382202]
[0.9019191265106201]
[0.9038720726966858]
[0.9229456782341003]
[0.8893710374832153]
[0.42252281308174133]
[0.4371354281902313]
[0.3900892734527588]
[0.17375408113002777]
[0.3298938274383545]
[0.41028711199760437]
[0.5536453723907471]
[0.8284928202629089]
[0.38066837191581726]
[0.8179751038551331]
[0.7630059123039246]
[0.7111944556236267]
[0.8417474031448364]
[0.8555715084075928]
[0.8436715006828308]
[0.034466732293367386]
[0.02102956920862198]
[0.020166734233498573]
[0.8358639478683472]
[0.3081616759300232]
[0.0713476687669754]
[0.910295307636261]
[0.7985966205596924]
[0.13163946568965912]
[0.017925754189491272]
[0.020263295620679855]
[0.18075141310691833]
[0.8873250484466553]
[0.8860653042793274]
[0.8824770450592041]
[0.910620391368866]
[0.8916827440261841]
[0.8810504078865051]
[0.8634229302406311]
[0.7836836576461792]
[0.738399863243103]
[0.7653970718383789]
[0.11549817025661469]
[0.12602102756500244]
[0.2244565188884735]
[0.8118473887443542]
[0.7023817896842957]
[0.8369891047477722]
[0.8299424648284912]
[0.8535352945327759]
[0.7049326300621033]
[0.032403722405433655]
[0.1583651602268219]
[0.13246499001979828]
[0.21669399738311768]
[0.6681373119354248]
[0.37335795164108276]
[0.020662838593125343]
[0.16798685491085052]
[0.2320389747619629]
[0.353431761264801]
[0.6981114149093628]
[0.8226738572120667]
[0.8542333841323853]
[0.6804893016815186]
[0.6563502550125122]
[0.8549742698669434]
[0.7443792819976807]
[0.7919245362281799]
[0.8480130434036255]
[0.8281252980232239]
[0.8596388101577759]
[0.7876083850860596]
[0.8334570527076721]
[0.5804384350776672]
[0.64435875415802]
[0.6571986079216003]
[0.5498513579368591]
[0.7719329595565796]
[0.8462979793548584]
[0.451387494802475]
[0.11333999037742615]
[0.09805865585803986]
[0.6995933055877686]
[0.6890800595283508]
[0.021093839779496193]
[0.16685864329338074]
[0.07994657754898071]
[0.8997734785079956]
[0.15931789577007294]
[0.1577916443347931]
[0.42250943183898926]
[0.8030047416687012]
[0.8870882391929626]
[0.3268871605396271]
[0.9056404829025269]
[0.9192286133766174]
[0.8272809386253357]
[0.911125659942627]
[0.8859909176826477]
[0.9131278395652771]
[0.8352938294410706]
[0.7698740363121033]
[0.8738266229629517]
[0.8663812875747681]
[0.8318253755569458]
[0.7409276366233826]
[0.9140369296073914]
[0.9221053123474121]
[0.29840555787086487]
[0.19179783761501312]
[0.8941090703010559]
[0.6554651856422424]
[0.5880261659622192]
[0.46020951867103577]
[0.9129425287246704]
[0.8729345798492432]
[0.7888088822364807]
[0.8810905814170837]
[0.5168389081954956]
[0.20078538358211517]
[0.8794098496437073]
[0.8832888007164001]
[0.8604007363319397]
[0.9205489158630371]
[0.8372618556022644]
[0.9001018404960632]
[0.7144278883934021]
[0.8997214436531067]
[0.9015050530433655]
[0.665421724319458]
[0.11385832726955414]
[0.8774979114532471]
[0.6285467147827148]
[0.5908119678497314]
[0.5794687867164612]
[0.854373574256897]
[0.8477486968040466]
[0.4732889235019684]
[0.8596855401992798]
[0.058261122554540634]
[0.8737053275108337]
[0.45668065547943115]
[0.07134167850017548]
[0.04282112047076225]
[0.8726285696029663]
[0.26204854249954224]
[0.38909465074539185]
[0.9070121645927429]
[0.48045864701271057]
[0.35337063670158386]
[0.6809495687484741]
[0.4096471965312958]
[0.4690750539302826]
[0.0826149582862854]
[0.06731507182121277]
[0.25056925415992737]
[0.049816109240055084]
[0.6299496293067932]
[0.7298613786697388]
[0.08518975973129272]
[0.037091463804244995]
[0.37394294142723083]
[0.8917779326438904]
[0.715839684009552]
[0.7698863744735718]
[0.37385520339012146]
[0.37525665760040283]
[0.5177056789398193]
[0.826567530632019]
[0.037407610565423965]
[0.18580707907676697]
[0.24379155039787292]
[0.05257776379585266]
[0.0726354569196701]
[0.3680753707885742]
[0.7932572960853577]
[0.7030918598175049]
[0.054074447602033615]
[0.5506594777107239]
[0.6395571827888489]
[0.28173956274986267]
[0.7432632446289062]
[0.8399549126625061]
[0.7817761301994324]
[0.49015164375305176]
[0.8645349144935608]
[0.7437946796417236]
[0.7842474579811096]
[0.7790888547897339]
[0.8347935080528259]
[0.5122457146644592]
[0.8521541357040405]
[0.7433831095695496]
[0.21643689274787903]
[0.8342981934547424]
[0.8365792632102966]
[0.8654559850692749]
[0.07171078026294708]
[0.04191970080137253]
[0.16131360828876495]
[0.6646321415901184]
[0.5567408204078674]
[0.43262842297554016]
[0.8077732920646667]
[0.47740572690963745]
[0.5719404816627502]
[0.3189045786857605]
[0.47338005900382996]
[0.05321532115340233]
[0.07911709696054459]
[0.03283302113413811]
[0.024647362530231476]
[0.028975488618016243]
[0.02983763813972473]
[0.036251772195100784]
[0.2955082356929779]
[0.029347309842705727]
[0.032274797558784485]
[0.02069995366036892]
[0.020151924341917038]
[0.018619755282998085]
[0.02297825925052166]
[0.023293105885386467]
[0.060980428010225296]
[0.03330225870013237]
[0.5420222282409668]
[0.8084616661071777]
[0.7942746877670288]
[0.26576200127601624]
[0.08433419466018677]
[0.38450706005096436]
[0.39845651388168335]
[0.09193331003189087]
[0.04286140948534012]
[0.08680922538042068]
[0.027745123952627182]
[0.02331308275461197]
[0.024034518748521805]
[0.0246023740619421]
[0.8046422600746155]
[0.2913998067378998]
[0.5257091522216797]
[0.6616237163543701]
[0.7037326097488403]
[0.5261836647987366]
[0.49133744835853577]
[0.2168463170528412]
[0.7918921113014221]
[0.7193419933319092]
[0.6605309247970581]
[0.7792810797691345]
[0.2666481137275696]
[0.6322294473648071]
[0.08680692315101624]
[0.05131787434220314]
[0.10783945024013519]
[0.260165274143219]
[0.026061149314045906]
[0.11275597661733627]
[0.024392465129494667]
[0.0193263478577137]
[0.033855658024549484]
[0.07070707529783249]
[0.06397391110658646]
[0.01971648633480072]
[0.24019454419612885]
[0.0349045991897583]
[0.03735683485865593]
[0.025088002905249596]
[0.03535536676645279]
[0.02380048856139183]
[0.027522683143615723]
[0.044143326580524445]
[0.03768160194158554]
[0.0472385548055172]
[0.029789648950099945]
[0.05160277709364891]
[0.050383444875478745]
[0.025761611759662628]
[0.08606581389904022]
[0.05503622815012932]
[0.021574806421995163]
[0.02170870266854763]
[0.1331697702407837]
[0.22615163028240204]
[0.022413386031985283]
[0.045070573687553406]
[0.8514540791511536]
[0.7847980856895447]
[0.7614042162895203]
[0.023080967366695404]
[0.026535963639616966]
[0.025438182055950165]
[0.44188249111175537]
[0.6049630045890808]
[0.025328798219561577]
[0.043128762394189835]
[0.13510726392269135]
[0.028559649363160133]
[0.02709265798330307]
[0.6694717407226562]
[0.07800627499818802]
[0.14175356924533844]
[0.12692850828170776]
[0.05946645140647888]
[0.2675701081752777]
[0.18050092458724976]
[0.31414300203323364]
[0.6695445775985718]
[0.8157798647880554]
[0.6457207202911377]
[0.40556129813194275]
[0.8472691774368286]
[0.8320862054824829]
[0.05623278021812439]
[0.24525122344493866]
[0.23673515021800995]
[0.6104737520217896]
[0.0923926830291748]
[0.020664740353822708]
[0.02524036169052124]
[0.02641570009291172]
[0.17483915388584137]
[0.14054621756076813]
[0.02473147213459015]
[0.024830203503370285]
[0.017915701493620872]
[0.03189471736550331]
[0.0238010473549366]
[0.04187687486410141]
[0.018281539902091026]
[0.021670229732990265]
[0.022176461294293404]
[0.0201506819576025]
[0.05554143711924553]
[0.09307494014501572]
[0.710999608039856]
[0.7333186268806458]
[0.025934183970093727]
[0.875923752784729]
[0.7793591618537903]
[0.46493735909461975]
[0.33197808265686035]
[0.6689780950546265]
[0.33749836683273315]
[0.8767465353012085]
