[0.06959324330091476]
[0.9210742115974426]
[0.978249192237854]
[0.8898763656616211]
[0.9813899397850037]
[0.8652129173278809]
[0.982619047164917]
[0.9836989641189575]
[0.9818665385246277]
[0.9801968336105347]
[0.9822826981544495]
[0.9841947555541992]
[0.9834251999855042]
[0.9829707145690918]
[0.9817713499069214]
[0.9550360441207886]
[0.9575176239013672]
[0.8773536086082458]
[0.6899587512016296]
[0.09127189964056015]
[0.08817300200462341]
[0.08415288478136063]
[0.9479659795761108]
[0.9798370003700256]
[0.9380025267601013]
[0.9795709848403931]
[0.9774236083030701]
[0.9804938435554504]
[0.9704179167747498]
[0.9420676231384277]
[0.9770414233207703]
[0.9654613733291626]
[0.6076871156692505]
[0.9613479971885681]
[0.9776853919029236]
[0.9783424139022827]
[0.975621223449707]
[0.9137119054794312]
[0.9715138077735901]
[0.9786402583122253]
[0.9591054916381836]
[0.980324923992157]
[0.970855176448822]
[0.9764885902404785]
[0.9715297818183899]
[0.9669920802116394]
[0.9804844260215759]
[0.9464216232299805]
[0.09000672399997711]
[0.09725480526685715]
[0.07637365907430649]
[0.9752833247184753]
[0.8800712823867798]
[0.3416755795478821]
[0.12310502678155899]
[0.13254261016845703]
[0.10328971594572067]
[0.8855956196784973]
[0.09883879870176315]
[0.09308036416769028]
[0.08250473439693451]
[0.6578224301338196]
[0.3805500268936157]
[0.07740866392850876]
[0.206658273935318]
[0.14050668478012085]
[0.9824016690254211]
[0.9793100357055664]
[0.9391342401504517]
[0.9758257269859314]
[0.4317089915275574]
[0.13409656286239624]
[0.06752263754606247]
[0.9604259729385376]
[0.5359333157539368]
[0.09828662872314453]
[0.2023552507162094]
[0.9831327795982361]
[0.9834762811660767]
[0.22692275047302246]
[0.9792671203613281]
[0.9843899607658386]
[0.9848839044570923]
[0.9845383167266846]
[0.9840037226676941]
[0.9829415678977966]
[0.9816696643829346]
[0.982977032661438]
[0.984233021736145]
[0.9833600521087646]
[0.9841678738594055]
[0.2877312898635864]
[0.947433352470398]
[0.0764068067073822]
[0.07993411272764206]
[0.9842694997787476]
[0.9837054014205933]
[0.9828500151634216]
[0.9815381765365601]
[0.9843892455101013]
[0.9841547012329102]
[0.9779962301254272]
[0.9771203994750977]
[0.9503800868988037]
[0.0870424211025238]
[0.08872103691101074]
[0.08161608129739761]
[0.9686706066131592]
[0.13659846782684326]
[0.13803648948669434]
[0.38794222474098206]
[0.16201063990592957]
[0.9778092503547668]
[0.9769030809402466]
[0.9777076840400696]
[0.6053838729858398]
[0.9797176718711853]
[0.7420138716697693]
[0.8787702322006226]
[0.9575818777084351]
[0.08047664910554886]
[0.07805302739143372]
[0.07259310036897659]
[0.08780879527330399]
[0.1429012268781662]
[0.07097602635622025]
[0.9554210305213928]
[0.08988332003355026]
[0.09259647130966187]
[0.2811684012413025]
[0.07748204469680786]
[0.08533745259046555]
[0.0680072084069252]
[0.10109594464302063]
[0.08522005379199982]
[0.07398036122322083]
[0.059027109295129776]
[0.05861459672451019]
[0.06908407062292099]
[0.08764991909265518]
[0.9726331830024719]
[0.08528252691030502]
[0.0777493417263031]
[0.08182258158922195]
[0.09236127883195877]
[0.08218390494585037]
[0.09615644812583923]
[0.07291274517774582]
[0.106001116335392]
[0.08648683875799179]
[0.08346046507358551]
[0.07613826543092728]
[0.09425590932369232]
[0.08251608908176422]
[0.0733640268445015]
[0.9854781627655029]
[0.9854872226715088]
[0.9845625758171082]
[0.9845010042190552]
[0.9848073720932007]
[0.9847880601882935]
[0.985628604888916]
[0.9854528307914734]
[0.984950065612793]
[0.9832665920257568]
[0.8496272563934326]
[0.9711616635322571]
[0.3519003093242645]
[0.9706868529319763]
[0.9666286110877991]
[0.9773809909820557]
[0.9843251705169678]
[0.9727398753166199]
[0.981826663017273]
[0.9809673428535461]
[0.9826756715774536]
[0.9759901762008667]
[0.984892725944519]
[0.9837198257446289]
[0.09107499569654465]
[0.09101308137178421]
[0.08543439954519272]
[0.9811827540397644]
[0.9034751653671265]
[0.0855323076248169]
[0.9838272333145142]
[0.9176487326622009]
[0.49372807145118713]
[0.10617252439260483]
[0.09949080646038055]
[0.9718624949455261]
[0.985041081905365]
[0.9846094846725464]
[0.9841113090515137]
[0.9845898151397705]
[0.9763753414154053]
[0.9847317934036255]
[0.9833899140357971]
[0.9847848415374756]
[0.07866331934928894]
[0.958640456199646]
[0.978785514831543]
[0.8618524670600891]
[0.9487125277519226]
[0.9675701856613159]
[0.9815876483917236]
[0.9830053448677063]
[0.9825571179389954]
[0.9839205145835876]
[0.982280969619751]
[0.9774142503738403]
[0.19127392768859863]
[0.6867110133171082]
[0.3946347236633301]
[0.07688041031360626]
[0.07849204540252686]
[0.959595799446106]
[0.9679375886917114]
[0.6560877561569214]
[0.08007556945085526]
[0.9489423036575317]
[0.8888781666755676]
[0.9756293892860413]
[0.9753273129463196]
[0.9801109433174133]
[0.9837698936462402]
[0.9839212894439697]
[0.9807714819908142]
[0.9833158850669861]
[0.9830037355422974]
[0.9789441823959351]
[0.9808393716812134]
[0.9829102158546448]
[0.9812622666358948]
[0.9727638959884644]
[0.9829939603805542]
[0.9678378701210022]
[0.9684399962425232]
[0.9819116592407227]
[0.9612473845481873]
[0.9821687340736389]
[0.9757993221282959]
[0.9202898740768433]
[0.06976775079965591]
[0.7169631123542786]
[0.9581727385520935]
[0.9798570275306702]
[0.07387847453355789]
[0.5373725295066833]
[0.6895484328269958]
[0.9735876321792603]
[0.29429322481155396]
[0.40637555718421936]
[0.8647769689559937]
[0.9458881616592407]
[0.9827050566673279]
[0.15060098469257355]
[0.9817925095558167]
[0.9822103977203369]
[0.9829084873199463]
[0.9788298606872559]
[0.9787726402282715]
[0.9826474785804749]
[0.9603937268257141]
[0.9791179895401001]
[0.9826363325119019]
[0.983132541179657]
[0.9707944989204407]
[0.9726768136024475]
[0.9833031296730042]
[0.9825793504714966]
[0.9455095529556274]
[0.891009509563446]
[0.9836816787719727]
[0.9552809000015259]
[0.9365772604942322]
[0.9154729843139648]
[0.9825232028961182]
[0.9831458926200867]
[0.9514862298965454]
[0.9812441468238831]
[0.41314783692359924]
[0.7345201969146729]
[0.9815956950187683]
[0.9786673188209534]
[0.9808012843132019]
[0.9802924990653992]
[0.9784786701202393]
[0.9808536767959595]
[0.9752874374389648]
[0.9799071550369263]
[0.9726845026016235]
[0.7562759518623352]
[0.6409136056900024]
[0.9458429217338562]
[0.9727908372879028]
[0.9575035572052002]
[0.9621050953865051]
[0.9799181818962097]
[0.9746412038803101]
[0.9718999266624451]
[0.9780815243721008]
[0.08711167424917221]
[0.748585045337677]
[0.26822206377983093]
[0.0970185250043869]
[0.11217939108610153]
[0.9698492288589478]
[0.6303577423095703]
[0.6394107937812805]
[0.983238935470581]
[0.21002931892871857]
[0.4492338299751282]
[0.9396824240684509]
[0.916687548160553]
[0.9794145226478577]
[0.2933432161808014]
[0.09766426682472229]
[0.24162399768829346]
[0.10707914084196091]
[0.9362216591835022]
[0.6507680416107178]
[0.3663661777973175]
[0.3648378849029541]
[0.8673210740089417]
[0.983617901802063]
[0.4879292845726013]
[0.6717656850814819]
[0.16828714311122894]
[0.23501849174499512]
[0.9493318796157837]
[0.9625535607337952]
[0.14536152780056]
[0.3442292809486389]
[0.8724665641784668]
[0.07218775153160095]
[0.5842278599739075]
[0.8433637022972107]
[0.9824407696723938]
[0.9446479678153992]
[0.1927504539489746]
[0.6304914951324463]
[0.9508373141288757]
[0.6384184956550598]
[0.9823755621910095]
[0.9825820922851562]
[0.9765776991844177]
[0.9610568881034851]
[0.9837337136268616]
[0.979144275188446]
[0.9785948395729065]
[0.9818036556243896]
[0.9827895164489746]
[0.9553700089454651]
[0.9828203916549683]
[0.9838320016860962]
[0.9782107472419739]
[0.9837391972541809]
[0.9822876453399658]
[0.9830434918403625]
[0.10828130692243576]
[0.22743317484855652]
[0.3249785006046295]
[0.9295591711997986]
[0.7736748456954956]
[0.46715599298477173]
[0.9736363291740417]
[0.6703306436538696]
[0.7715542912483215]
[0.45425179600715637]
[0.8012624979019165]
[0.2509494423866272]
[0.30735987424850464]
[0.07845217734575272]
[0.08032425493001938]
[0.34765997529029846]
[0.22356370091438293]
[0.5310502052307129]
[0.3437972068786621]
[0.1879999190568924]
[0.14837482571601868]
[0.08355391770601273]
[0.09518591314554214]
[0.07366911321878433]
[0.08114347606897354]
[0.09417830407619476]
[0.9443784952163696]
[0.11113515496253967]
[0.6007091403007507]
[0.9808796048164368]
[0.9773428440093994]
[0.9083665609359741]
[0.6253685355186462]
[0.975627601146698]
[0.968963086605072]
[0.6831710338592529]
[0.08314402401447296]
[0.37787678837776184]
[0.07066290825605392]
[0.081452876329422]
[0.08218830078840256]
[0.08187511563301086]
[0.9842151999473572]
[0.9473552107810974]
[0.9772555232048035]
[0.9425514340400696]
[0.9785425662994385]
[0.9690358638763428]
[0.963625431060791]
[0.4505462050437927]
[0.9586392045021057]
[0.9173064827919006]
[0.9063572287559509]
[0.9286558628082275]
[0.36158353090286255]
[0.20301422476768494]
[0.917267918586731]
[0.08108307421207428]
[0.9755989909172058]
[0.4561949074268341]
[0.116335928440094]
[0.8690357804298401]
[0.08311539888381958]
[0.075853131711483]
[0.10404753684997559]
[0.5874229073524475]
[0.07702648639678955]
[0.1491815745830536]
[0.9598345160484314]
[0.38846081495285034]
[0.08512796461582184]
[0.07814586162567139]
[0.08825404196977615]
[0.08056668192148209]
[0.1410466879606247]
[0.17448653280735016]
[0.3199376165866852]
[0.10894477367401123]
[0.11045641452074051]
[0.26571789383888245]
[0.29011571407318115]
[0.09294474124908447]
[0.3158351480960846]
[0.31502869725227356]
[0.0694909319281578]
[0.09192261099815369]
[0.6943910717964172]
[0.7776695489883423]
[0.07839712500572205]
[0.09095150232315063]
[0.9828780889511108]
[0.9831836223602295]
[0.9829930663108826]
[0.10573075711727142]
[0.09390798211097717]
[0.228195920586586]
[0.622308075428009]
[0.9556741118431091]
[0.28230440616607666]
[0.10312414169311523]
[0.8619523048400879]
[0.10252631455659866]
[0.09189748764038086]
[0.6639702320098877]
[0.07912097126245499]
[0.9790955781936646]
[0.8191577792167664]
[0.10323414206504822]
[0.9510727524757385]
[0.8830456733703613]
[0.9074742197990417]
[0.961156964302063]
[0.9791856408119202]
[0.9805051684379578]
[0.9393530488014221]
[0.9791221022605896]
[0.9692202210426331]
[0.09493917226791382]
[0.7393109798431396]
[0.9299229383468628]
[0.9770499467849731]
[0.18484243750572205]
[0.08044532686471939]
[0.06714948266744614]
[0.06821645796298981]
[0.9419207572937012]
[0.966752290725708]
[0.0727301687002182]
[0.08582831174135208]
[0.08521169424057007]
[0.07252652198076248]
[0.08567341417074203]
[0.08697815239429474]
[0.08361591398715973]
[0.07705172151327133]
[0.07762288302183151]
[0.07164767384529114]
[0.4003729224205017]
[0.7633774876594543]
[0.9790123701095581]
[0.9686815738677979]
[0.13335584104061127]
[0.08977197855710983]
[0.07212845981121063]
[0.9806458950042725]
[0.9798442125320435]
[0.9634753465652466]
[0.9544227719306946]
[0.9737532734870911]
[0.9675394892692566]
[0.9786800146102905]
[0.08318303525447845]
